2                     
2                     
0.998                   
30.0                   
-1                      
1000                    
0.0                    
2.0                     
3     
1.0                   
15.0                   
60            
0.0                     
1                       
10                    
0                       
0                       
0                       
0                      
0                      
6                       
0                       
-0.03                       
0.3                      
1                       
1                       
