 skip on
  0.100427687       40.8652382    
  0.101286694       43.3534889    
  0.102153055       43.1387596    
  0.103026830       42.8658371    
  0.103908077       42.6498985    
  0.104796864       42.3474007    
  0.105693251       42.1468010    
  0.106597304       41.8883018    
  0.107509091       41.7474556    
  0.108428672       41.5763016    
  0.109356135       41.4828377    
  0.110291518       41.3953667    
  0.111234903       41.3508110    
  0.112186357       41.2760201    
  0.113145947       41.2124214    
  0.114113756       41.1366920    
  0.115089834       41.0651016    
  0.116074264       40.9823112    
  0.117067106       40.9095764    
  0.118068442       40.8605576    
  0.119078353       40.7918510    
  0.120096900       40.7315941    
  0.121124156       40.6322250    
  0.122160196       40.5783081    
  0.123205103       40.4839630    
  0.124258950       40.4378090    
  0.125321805       40.3604813    
  0.126393750       40.3427811    
  0.127474874       40.2767754    
  0.128565252       40.2685242    
  0.129664928       40.2118149    
  0.130774036       40.1891556    
  0.131892622       40.1313057    
  0.133020759       40.0681686    
  0.134158567       39.9696350    
  0.135306090       39.8920479    
  0.136463448       39.8232880    
  0.137630701       39.7660217    
  0.138807923       39.7317543    
  0.139995247       39.7064056    
  0.141192704       39.7023010    
  0.142400399       39.6653862    
  0.143618435       39.6579094    
  0.144846886       39.6311226    
  0.146085829       39.6348839    
  0.147335395       39.5829391    
  0.148595631       39.5816040    
  0.149866655       39.5434608    
  0.151148558       39.5512466    
  0.152441412       39.5116692    
  0.153745323       39.5137100    
  0.155060410       39.4941483    
  0.156386718       39.5000305    
  0.157724380       39.4785614    
  0.159073502       39.4663773    
  0.160434142       39.4520683    
  0.161806419       39.4476471    
  0.163190439       39.4328842    
  0.164586306       39.4124947    
  0.165994108       39.4140625    
  0.167413950       39.3962059    
  0.168845937       39.3967323    
  0.170290172       39.3700371    
  0.171746761       39.3771706    
  0.173215806       39.3616486    
  0.174697414       39.3811798    
  0.176191702       39.3430481    
  0.177698776       39.3658943    
  0.179218724       39.3402138    
  0.180751681       39.3306351    
  0.182297766       39.2658958    
  0.183857054       39.2532501    
  0.185429692       39.2170677    
  0.187015772       39.2003021    
  0.188615426       39.1576614    
  0.190228760       39.1322136    
  0.191855893       39.1003342    
  0.193496943       39.0679665    
  0.195152044       39.0424767    
  0.196821287       39.0172615    
  0.198504806       39.0146523    
  0.200202733       38.9835320    
  0.201915175       38.9784164    
  0.203642279       38.9493027    
  0.205384135       38.9566574    
  0.207140923       38.9317436    
  0.208912715       38.9384689    
  0.210699648       38.9213104    
  0.212501884       38.9412460    
  0.214319542       38.9214897    
  0.216152728       38.9405823    
  0.218001604       38.9248314    
  0.219866306       38.9355164    
  0.221746936       38.9155579    
  0.223643661       38.9109840    
  0.225556627       38.8795166    
  0.227485955       38.8609161    
  0.229431748       38.8288078    
  0.231394202       38.7671585    
  0.233373463       38.7310448    
  0.235369638       38.6814079    
  0.237382889       38.6542816    
  0.239413351       38.5889282    
  0.241461188       38.5876045    
  0.243526548       38.5333023    
  0.245609552       38.5297318    
  0.247710407       38.4699821    
  0.249829233       38.4820747    
  0.251966149       38.4400482    
  0.254121363       38.4478073    
  0.256294996       38.4034195    
  0.258487225       38.4116135    
  0.260698229       38.3934097    
  0.262928128       38.3874550    
  0.265177101       38.3736038    
  0.267445296       38.3677826    
  0.269732893       38.3652077    
  0.272040099       38.3595772    
  0.274367034       38.3451042    
  0.276713848       38.3374825    
  0.279080719       38.3522949    
  0.281467855       38.3409195    
  0.283875406       38.3494568    
  0.286303580       38.3363914    
  0.288752466       38.3771362    
  0.291222334       38.3537521    
  0.293713331       38.3741570    
  0.296225637       38.3715668    
  0.298759401       38.4158554    
  0.301314861       38.4000969    
  0.303892195       38.4442711    
  0.306491554       38.4417534    
  0.309113145       38.4799004    
  0.311757177       38.4701958    
  0.314423800       38.5093575    
  0.317113280       38.5089455    
  0.319825709       38.5469475    
  0.322561324       38.5499535    
  0.325320393       38.4874916    
  0.328103036       38.5237198    
  0.330909491       38.5438576    
  0.333739966       38.6050987    
  0.336594641       38.6076126    
  0.339473695       38.6566734    
  0.342377394       38.6865120    
  0.345305949       38.7377663    
  0.348259568       38.7333221    
  0.351238430       38.7957916    
  0.354242802       38.8165817    
  0.357272834       38.8769112    
  0.360328764       38.8943291    
  0.363410830       38.9266319    
  0.366519332       38.9523239    
  0.369654357       38.9649696    
  0.372816205       38.9173012    
  0.376005143       38.9090729    
  0.379221320       38.8512306    
  0.382465035       38.8425217    
  0.385736465       38.5763969    
  0.389035881       38.3111229    
  0.392363518       38.3694763    
  0.395719647       38.4497948    
  0.399104476       38.5188370    
  0.402518213       38.6271515    
  0.405961186       38.7372093    
  0.409433603       38.8446579    
  0.412935674       38.9212112    
  0.416467786       38.8484802    
  0.420030057       38.8609657    
  0.423622847       38.9123650    
  0.427246332       38.9609489    
  0.430900812       39.0532417    
  0.434586525       39.1370773    
  0.438303769       39.2029648    
  0.442052841       39.3009033    
  0.445833981       39.3891411    
  0.449647456       39.2630005    
  0.453493536       39.2777557    
  0.457372546       39.2217598    
  0.461284757       39.2929230    
  0.465230346       39.4018593    
  0.469209701       39.5243301    
  0.473223120       39.6051712    
  0.477270871       39.7219429    
  0.481353223       39.7714844    
  0.485470533       39.8702202    
  0.489623040       39.9169044    
  0.493811071       40.0188141    
  0.498034894       40.0505981    
  0.502294898       40.1402740    
  0.506591320       40.1768150    
  0.510924459       40.2637672    
  0.515294731       40.2406197    
  0.519702315       40.0135422    
  0.524147630       39.8277130    
  0.528630912       39.6796951    
  0.533152580       39.6879311    
  0.537712991       39.7642326    
  0.542312384       39.8185616    
  0.546951056       39.8966522    
  0.551629424       40.0309410    
  0.556347847       40.0822296    
  0.561106563       40.2340012    
  0.565906048       40.3509178    
  0.570746541       40.4978371    
  0.575628519       40.6717415    
  0.580552220       40.8308372    
  0.585518003       40.9058304    
  0.590526223       41.0613823    
  0.595577359       40.5296478    
  0.600671649       39.5305290    
  0.605809510       39.2060928    
  0.610991359       39.2711906    
  0.616217494       39.2627792    
  0.621488392       39.2708778    
  0.626804352       39.2840347    
  0.632165730       39.2801399    
  0.637573004       39.3025017    
  0.643026471       39.2054176    
  0.648526669       39.1293907    
  0.654073894       38.9562683    
  0.659668565       38.7430840    
  0.665311098       38.4668045    
  0.671001911       38.1954765    
  0.676741362       37.8322792    
  0.682529926       37.4355927    
  0.688367963       36.9695091    
  0.694255948       36.9471130    
  0.700194359       36.8581657    
  0.706183553       36.8118629    
  0.712223887       36.7462158    
  0.718315959       36.7536087    
  0.724460065       36.7620354    
  0.730656743       36.7601318    
  0.736906528       36.7387390    
  0.743209720       36.7476921    
  0.749566853       36.7547836    
  0.755978346       36.7749252    
  0.762444615       36.8065262    
  0.768966198       36.8390617    
  0.775543571       36.8715973    
  0.782177269       36.4532089    
  0.788867712       36.1604691    
  0.795615315       35.9676056    
  0.802420676       35.8897476    
  0.809284270       35.8095894    
  0.816206515       35.7757378    
  0.823187947       35.7280846    
  0.830229163       35.7468109    
  0.837330580       35.7167664    
  0.844492733       35.7046432    
  0.851716161       35.6676865    
  0.859001398       35.6565323    
  0.866348982       35.6667976    
  0.873759329       35.6632538    
  0.881233096       35.6609459    
  0.888770819       35.6703949    
  0.896372855       35.6649513    
  0.904040039       35.5826530    
  0.911772847       35.4254799    
  0.919571757       35.0905952    
  0.927437365       34.8447800    
  0.935370326       34.6453323    
  0.943371117       34.5442162    
  0.951440156       34.4246712    
  0.959578395       34.3363495    
  0.967786252       34.2265892    
  0.976064265       34.1892853    
  0.984413087       34.1368866    
  0.992833316       34.1248474    
   1.00132561       34.0778389    
   1.00989056       34.0636978    
   1.01852870       34.0435104    
   1.02724075       34.0263977    
   1.03602731       34.0038147    
   1.04488897       33.9837570    
   1.05382657       33.9714355    
   1.06284058       33.9574165    
   1.07193172       33.9440575    
   1.08110058       33.9290047    
   1.09034777       33.9432983    
   1.09967399       33.9286537    
   1.10908020       33.9404411    
   1.11856687       33.9252129    
   1.12813461       33.9597244    
   1.13778424       33.9462662    
   1.14751637       33.9701462    
   1.15733159       33.9650230    
   1.16723084       33.9959488    
   1.17721486       33.9995308    
   1.18728435       34.0164108    
   1.19743991       34.0283470    
   1.20768225       34.0519676    
   1.21801233       34.0770874    
   1.22843051       34.0856514    
   1.23893797       34.1041603    
   1.24953532       34.1169167    
   1.26022339       34.1387978    
   1.27100277       34.1275406    
   1.28187442       34.1558037    
   1.29283905       34.1634827    
   1.30389726       34.2009735    
   1.31505024       34.2054024    
   1.32629871       34.2220306    
   1.33764327       34.2233276    
   1.34908485       34.2412682    
   1.36062443       34.2147408    
   1.37226272       34.2060051    
   1.38400030       34.1385040    
   1.39583838       34.0761871    
   1.40777779       33.9656410    
   1.41981936       33.9056473    
   1.43196392       33.8597260    
   1.44421232       33.8315811    
   1.45656550       33.7909393    
   1.46902442       33.7501793    
   1.48158979       33.7098503    
   1.49426246       33.6564217    
   1.50704384       33.6148949    
   1.51993442       33.5532074    
   1.53293538       33.5443039    
   1.54604745       33.5064850    
   1.55927169       33.5071220    
   1.57260907       33.4671364    
   1.58606029       33.4777718    
   1.59962678       33.4424324    
   1.61330926       33.4462280    
   1.62710881       33.4044724    
   1.64102650       33.4097557    
   1.65506315       33.4008789    
   1.66921997       33.4014397    
   1.68349755       33.3884659    
   1.69789743       33.3922424    
   1.71242046       33.3904381    
   1.72706795       33.3841171    
   1.74184060       33.3810310    
   1.75673962       33.3803673    
   1.77176595       33.4030418    
   1.78692067       33.4004364    
   1.80220520       33.4110031    
   1.81762052       33.4085274    
   1.83316767       33.3745384    
   1.84884787       33.2991905    
   1.86466217       33.2654381    
   1.88061166       33.1936073    
   1.89669740       33.1415291    
   1.91292095       33.0312195    
   1.92928338       32.9816170    
   1.94578564       32.9343719    
   1.96242905       32.9381714    
   1.97921491       32.9080467    
   1.99614429       32.8903008    
   2.01321816       32.8639984    
   2.03043842       32.8396530    
   2.04780579       32.8167152    
   2.06532192       32.7957115    
   2.08298779       32.8037682    
   2.10080481       32.8172646    
   2.11877441       32.8408890    
   2.13689756       32.8421059    
   2.15517569       32.8818512    
   2.17360973       32.8927574    
   2.19220209       32.9291878    
   2.21095324       32.9248924    
   2.22986460       32.9677353    
   2.24893808       32.9724007    
   2.26817465       33.0128822    
   2.28757572       33.0093994    
   2.30714226       33.0473633    
   2.32687664       33.0573921    
   2.34677982       33.0839806    
   2.36685324       33.0855598    
   2.38709831       33.1066284    
   2.40751648       33.1125107    
   2.42810941       33.1033096    
   2.44887805       33.0654526    
   2.46982479       33.0222397    
   2.49095058       32.9811974    
   2.51225710       32.9053574    
   2.53374577       32.8535080    
   2.55541849       32.8115768    
   2.57727647       32.8130379    
   2.59932113       32.7909813    
   2.62155461       32.7975121    
   2.64397836       32.7718773    
   2.66659403       32.7933006    
   2.68940282       32.7694550    
   2.71240687       32.7692223    
   2.73560762       32.7539597    
   2.75900650       32.7638359    
   2.78260612       32.7617188    
   2.80640721       32.7694702    
   2.83041191       32.7852936    
   2.85462236       32.8093224    
   2.87903929       32.8307762    
   2.90366554       32.8388557    
   2.92850232       32.8668289    
   2.95355153       32.8827400    
   2.97881460       32.9118423    
   3.00429416       32.9106407    
   3.02999163       32.9438324    
   3.05590916       32.9500275    
   3.08204794       32.9846954    
   3.10841036       32.9561081    
   3.13499856       32.9696007    
   3.16181374       32.9605675    
   3.18885851       32.9890480    
   3.21613455       32.9736595    
   3.24364424       33.0019608    
   3.27138901       33.0020370    
   3.29937077       33.0213127    
   3.32759237       33.0134583    
   3.35605478       33.0354958    
   3.38476110       33.0535469    
   3.41371298       33.0740585    
   3.44291234       33.0903168    
   3.47236156       33.1105156    
   3.50206280       33.1444817    
   3.53201818       33.1650963    
   3.56222916       33.1891098    
   3.59269857       33.2138138    
   3.62342906       33.2644920    
   3.65442252       33.2802048    
   3.68568087       33.3325691    
   3.71720695       33.3514099    
   3.74900246       33.4100304    
   3.78106928       33.4245987    
   3.81341100       33.4624405    
   3.84602928       33.4810905    
   3.87892675       33.5224113    
   3.91210532       33.5424194    
   3.94556785       33.5638466    
   3.97931647       33.5980530    
   4.01335335       33.6397057    
   4.04768229       33.6848793    
   4.08230448       33.7115593    
   4.11722279       33.7599869    
   4.15244007       33.7944756    
   4.18795776       33.8467903    
   4.22377968       33.8632164    
   4.25990868       33.9188538    
   4.29634571       33.9491234    
   4.33309460       34.0079269    
   4.37015772       34.0207443    
   4.40753841       34.0837860    
   4.44523907       34.1132622    
   4.48326111       34.1801758    
   4.52160931       34.1982994    
   4.56028557       34.2617416    
   4.59929180       34.3030891    
   4.63863182       34.3592377    
   4.67830896       34.3895531    
   4.71832561       34.4437866    
   4.75868416       34.4935608    
   4.79938793       34.5397148    
   4.84043980       34.5809860    
   4.88184214       34.6298676    
   4.92359924       34.6893196    
   4.96571350       34.7329483    
   5.00818825       34.7859612    
   5.05102634       34.8232689    
   5.09423065       34.8933105    
   5.13780499       34.9313431    
   5.18175077       34.9920998    
   5.22607327       35.0270729    
   5.27077484       35.1038094    
   5.31585884       35.1483612    
   5.36132860       35.2017021    
   5.40718746       35.2537727    
   5.45343781       35.3200607    
   5.50008345       35.3813095    
   5.54712915       35.4302368    
   5.59457731       35.4844055    
   5.64243078       35.5412865    
   5.69069386       35.6042480    
   5.73936939       35.6455231    
   5.78846169       35.7053185    
   5.83797312       35.7511978    
   5.88790894       35.8141479    
   5.93827152       35.8369904    
   5.98906517       35.8913040    
   6.04029274       35.9138565    
   6.09195900       35.9728546    
   6.14406681       35.9798546    
   6.19662094       36.0344315    
   6.24962425       36.0476494    
   6.30308008       36.0849991    
   6.35699415       36.0627251    
   6.41136932       36.0652580    
   6.46620941       36.0316048    
   6.52151871       35.9969864    
   6.57730103       35.8996735    
   6.63356066       35.7519684    
   6.69030046       35.5237236    
   6.74752665       34.6423759    
   6.80524206       34.3928986    
   6.86345148       34.3836441    
   6.92215872       34.3931236    
   6.98136759       34.3819275    
   7.04108334       34.3807297    
   7.10130882       34.3593636    
   7.16204929       34.3719521    
   7.22331142       34.3452759    
   7.28509808       34.3420296    
   7.34741068       34.3019676    
   7.41025639       34.2773399    
   7.47364140       34.1748466    
   7.53756905       34.2035866    
   7.60204124       34.2285385    
   7.66706514       34.2807541    
   7.73264503       34.3178749    
   7.79878807       34.3563347    
   7.86549616       34.3959808    
   7.93277359       34.4429169    
   8.00062656       34.4910431    
   8.06905937       34.5228500    
   8.13807964       34.5739326    
   8.20769119       34.6179657    
   8.27789497       34.6820641    
   8.34869957       34.7145729    
   8.42011166       34.7822571    
   8.49213505       34.8262520    
   8.56477165       34.9060631    
   8.63803005       34.9364510    
   8.71191502       35.0135880    
   8.78643417       35.0606613    
   8.86159134       35.1413841    
   8.93738937       35.1839256    
   9.01383400       35.2571030    
   9.09093285       35.3161430    
   9.16869545       35.3914413    
   9.24712181       35.4445572    
   9.32621574       35.5112572    
   9.40598679       35.5805817    
   9.48644352       35.6488571    
   9.56758785       35.7122765    
   9.64942360       35.7711678    
   9.73196030       35.8501282    
   9.81520176       35.9110260    
   9.89915848       35.9841805    
   9.98383331       36.0356598    
   10.0692291       36.1249428    
   10.1553555       36.1793137    
   10.2422218       36.2624207    
   10.3298302       36.3126526    
   10.4181862       36.4070091    
   10.5072975       36.4704819    
   10.5971718       36.5535507    
   10.6878166       36.6179123    
   10.7792377       36.7095070    
   10.8714371       36.7866135    
   10.9644260       36.8654671    
   11.0582085       36.9416656    
   11.1527977       37.0271568    
   11.2481956       37.1151619    
   11.3444061       37.1877403    
   11.4414406       37.2740250    
   11.5393076       37.3526192    
   11.6380110       37.4508743    
   11.7375565       37.5161400    
   11.8379536       37.6121140    
   11.9392090       37.6828613    
   12.0413332       37.7906303    
   12.1443310       37.8479462    
   12.2482071       37.9488640    
   12.3529720       38.0199852    
   12.4586325       38.1241150    
   12.5651999       38.1909447    
   12.6726789       38.2837029    
   12.7810745       38.3648262    
   12.8903971       38.4615250    
   13.0006580       38.5396271    
   13.1118622       38.6255188    
   13.2240124       38.7178726    
   13.3371239       38.8083572    
   13.4512024       38.8983421    
   13.5662594       38.9775124    
   13.6823025       39.0813675    
   13.7993336       39.1649437    
   13.9173660       39.2656898    
   14.0364075       39.3366394    
   14.1564693       39.4500847    
   14.2775612       39.5242500    
   14.3996840       39.6318321    
   14.5228500       39.6980934    
   14.6470737       39.8105621    
   14.7723608       39.8896065    
   14.8987160       39.9894295    
   15.0261517       40.0634880    
   15.1546774       40.1657562    
   15.2843065       40.2520256    
   15.4150438       40.3414497    
   15.5468950       40.4226189    
   15.6798744       40.5134583    
   15.8139963       40.6073036    
   15.9492645       40.6852570    
   16.0856857       40.7733803    
   16.2232742       40.8525238    
   16.3620396       40.9535103    
   16.5019951       41.0193558    
   16.6431503       41.1141663    
   16.7855072       41.1799393    
   16.9290810       41.2866364    
   17.0738831       41.3401375    
   17.2199268       41.4345818    
   17.3672218       41.4970245    
   17.5157700       41.5939789    
   17.6655903       41.6523056    
   17.8166981       41.7320709    
   17.9690971       41.7992706    
   18.1227951       41.8812256    
   18.2778053       41.9446640    
   18.4341450       42.0084457    
   18.5918255       42.0800323    
   18.7508545       42.1452637    
   18.9112396       42.2124176    
   19.0729961       42.2584839    
   19.2361355       42.3329887    
   19.4006767       42.3801079    
   19.5666237       42.4500580    
   19.7339859       42.4767914    
   19.9027805       42.5533524    
   20.0730228       42.5806999    
   20.2447205       42.6491394    
   20.4178848       42.6628838    
   20.5925293       42.7283630    
   20.7686653       42.7535133    
   20.9463158       42.8035164    
   21.1254845       42.8177071    
   21.3061790       42.8625259    
   21.4884205       42.8882866    
   21.6722260       42.9174500    
   21.8576050       42.9322472    
   22.0445633       42.9557877    
   22.2331200       42.9823227    
   22.4232903       42.9904327    
   22.6150932       43.0062714    
   22.8085365       43.0082664    
   23.0036278       43.0358162    
   23.2003860       43.0219727    
   23.3988304       43.0366287    
   23.5989761       43.0141640    
   23.8008366       43.0389481    
   24.0044174       43.0036430    
   24.2097359       43.0097885    
   24.4168205       42.9790993    
   24.6256752       42.9861145    
   24.8363094       42.9517632    
   25.0487461       42.9353294    
   25.2629986       42.9053307    
   25.4790916       42.8899994    
   25.6970329       42.8567200    
   25.9168301       42.8173752    
   26.1385078       42.7852478    
   26.3620834       42.7438278    
   26.5875778       42.7091637    
   26.8149986       42.6440735    
   27.0443592       42.6128235    
   27.2756824       42.5489197    
   27.5089912       42.5173111    
   27.7442951       42.4321365    
   27.9816055       42.4073067    
   28.2209454       42.3261108    
   28.4623318       42.2974014    
   28.7057915       42.2048798    
   28.9513321       42.1717911    
   29.1989651       42.0959053    
   29.4487171       42.0518875    
   29.7006130       41.9667168    
   29.9546642       41.9169846    
   30.2108803       41.8491096    
   30.4692879       41.7886581    
   30.7299061       41.7111893    
   30.9927597       41.6449089    
   31.2578621       41.5850296    
   31.5252247       41.5084229    
   31.7948742       41.4388313    
   32.0668297       41.3561134    
   32.3411217       41.3044777    
   32.6177597       41.2112617    
   32.8967552       41.1504555    
   33.1781349       41.0515480    
   33.4619293       41.0056763    
   33.7481537       40.9010696    
   34.0368195       40.8384018    
   34.3279495       40.7398033    
   34.6215744       40.6821289    
   34.9177170       40.5862312    
   35.2163925       40.5082588    
   35.5176125       40.4187393    
   35.8214111       40.3455048    
   36.1278076       40.2592125    
   36.4368362       40.1655655    
   36.7485046       40.0851860    
   37.0628319       39.9965439    
   37.3798447       39.9199524    
   37.6995850       39.8105011    
   38.0220566       39.7392349    
   38.3472748       39.6356888    
   38.6752777       39.5687370    
   39.0060844       39.4432373    
   39.3397293       39.3814583    
   39.6762314       39.2632599    
   40.0156021       39.1999435    
   40.3578720       39.0708580    
   40.7030716       39.0009918    
   41.0512352       38.8916206    
   41.4023743       38.8134155    
   41.7565079       38.6945381    
   42.1136703       38.6093712    
   42.4738998       38.5091324    
   42.8372116       38.4161034    
   43.2036171       38.3073959    
   43.5731583       38.2071838    
   43.9458580       38.1163292    
   44.3217583       38.0090103    
   44.7008743       37.9101219    
   45.0832214       37.7955322    
   45.4688377       37.7140732    
   45.8577652       37.5926933    
   46.2500191       37.5033951    
   46.6456146       37.3749352    
   47.0445976       37.2995834    
   47.4469910       37.1707420    
   47.8528404       37.0786743    
   48.2621613       36.9539757    
   48.6749687       36.8675461    
   49.0913086       36.7484665    
   49.5112076       36.6420403    
   49.9347153       36.5268707    
   50.3618393       36.4266472    
   50.7926064       36.3173981    
   51.2270584       36.1965637    
   51.6652412       36.0910988    
   52.1071701       35.9772148    
   52.5528641       35.8775101    
   53.0023727       35.7430840    
   53.4557266       35.6467819    
   53.9129715       35.5194893    
   54.3741302       35.4290123    
   54.8392181       35.2816315    
   55.3082809       35.1937103    
   55.7813568       35.0544739    
   56.2584953       34.9662857    
   56.7397156       34.8188820    
   57.2250366       34.7223434    
   57.7145081       34.5924492    
   58.2081795       34.4909706    
   58.7060776       34.3536491    
   59.2082214       34.2435837    
   59.7146530       34.1231232    
   60.2254181       34.0086479    
   60.7405701       33.8810921    
   61.2601242       33.7579727    
   61.7841110       33.6468315    
   62.3125839       33.5197525    
   62.8455849       33.4014626    
   63.3831482       33.2658005    
   63.9252930       33.1636047    
   64.4720764       33.0244560    
   65.0235367       32.9150085    
   65.5797272       32.7671089    
   66.1406784       32.6706543    
   66.7064056       32.5267448    
   67.2769775       32.4137535    
   67.8524323       32.2719345    
   68.4328232       32.1648903    
   69.0181808       32.0306892    
   69.6085205       31.9060211    
   70.2039185       31.7732067    
   70.8044128       31.6546574    
   71.4100571       31.5296726    
   72.0208588       31.3936119    
   72.6368866       31.2701263    
   73.2581787       31.1400051    
   73.8848114       31.0245972    
   74.5167999       30.8777657    
   75.1541748       30.7633324    
   75.7970123       30.6222153    
   76.4453278       30.5159740    
   77.0992279       30.3588905    
   77.7587128       30.2526989    
   78.4238129       30.1032772    
   79.0946045       29.9991703    
   79.7711639       29.8444920    
   80.4535065       29.7310219    
   81.1416626       29.5916996    
   81.8357010       29.4771957    
   82.5356750       29.3326435    
   83.2416687       29.2087002    
   83.9536896       29.0792465    
   84.6717834       28.9547176    
   85.3960266       28.8199348    
   86.1264801       28.6863041    
   86.8631744       28.5665207    
   87.6061554       28.4324722    
   88.3554840       28.3080597    
   89.1112366       28.1649017    
   89.8734665       28.0550709    
   90.6422195       27.9120045    
   91.4175262       27.7975807    
   92.1994629       27.6454449    
   92.9880829       27.5416775    
   93.7834778       27.3972950    
   94.5856781       27.2807198    
   95.3947067       27.1369133    
   96.2106628       27.0251617    
   97.0336151       26.8910313    
   97.8636169       26.7659607    
   98.7006912       26.6319923    
   99.5449219       26.5118561    
   100.396378       26.3879356    
   101.255142       26.2550220    
   102.121246       26.1308556    
   102.994736       26.0027084    
   103.875702       25.8886642    
   104.764191       25.7482243    
   105.660316       25.6336613    
   106.564102       25.4978485    
   107.475594       25.3936405    
   108.394882       25.2458115    
   109.322060       25.1393757    
   110.257172       24.9991684    
   111.200256       24.8970451    
   112.151398       24.7540550    
   113.110672       24.6425037    
   114.078194       24.5124130    
   115.053986       24.4028835    
   116.038101       24.2700443    
   117.030624       24.1509075    
   118.031647       24.0306358    
   119.041245       23.9136410    
   120.059494       23.7907906    
   121.086411       23.6643238    
   122.122131       23.5534115    
   123.166725       23.4296532    
   124.220253       23.3162212    
   125.282761       23.1828346    
   126.354370       23.0811234    
   127.435135       22.9507008    
   128.525177       22.8464851    
   129.624542       22.7063866    
   130.733292       22.6099319    
   131.851517       22.4802494    
   132.979340       22.3739128    
   134.116791       22.2421913    
   135.263947       22.1392231    
   136.420929       22.0185051    
   137.587799       21.9056644    
   138.764679       21.7827721    
   139.951645       21.6730461    
   141.148712       21.5609627    
   142.356018       21.4418068    
   143.573669       21.3274555    
   144.801758       21.2109261    
   146.040344       21.1075230    
   147.289490       20.9820404    
   148.549332       20.8756809    
   149.819977       20.7530422    
   151.101501       20.6576786    
   152.393921       20.5261707    
   153.697418       20.4259472    
   155.012054       20.3006878    
   156.337982       20.2059174    
   157.675262       20.0792713    
   159.023926       19.9740829    
   160.384140       19.8569088    
   161.755981       19.7555046    
   163.139587       19.6371002    
   164.535034       19.5253792    
   165.942383       19.4159279    
   167.361755       19.3083344    
   168.793335       19.1976109    
   170.237152       19.0795250    
   171.693268       18.9774857    
   173.161835       18.8637829    
   174.642960       18.7606049    
   176.136810       18.6363411    
   177.643433       18.5414848    
   179.162903       18.4216251    
   180.695343       18.3254490    
   182.240967       18.1956444    
   183.799805       18.1039963    
   185.371933       17.9851837    
   186.957504       17.8861179    
   188.556641       17.7631512    
   190.169495       17.6652737    
   191.796143       17.5534687    
   193.436676       17.4485207    
   195.091217       17.3325386    
   196.759918       17.2284927    
   198.442947       17.1234818    
   200.140381       17.0127163    
   201.852264       16.9030361    
   203.578812       16.7933025    
   205.320160       16.6947536    
   207.076416       16.5783463    
   208.847626       16.4750824    
   210.634003       16.3596554    
   212.435654       16.2671642    
   214.252762       16.1457062    
   216.085419       16.0466557    
   217.933685       15.9290924    
   219.797791       15.8362341    
   221.677811       15.7187567    
   223.573975       15.6150007    
   225.486359       15.5039587    
   227.415054       15.4052486    
   229.360229       15.2941685    
   231.322113       15.1849346    
   233.300797       15.0798655    
   235.296326       14.9754972    
   237.308899       14.8707552    
   239.338715       14.7560787    
   241.385956       14.6568918    
   243.450714       14.5471897    
   245.533051       14.4482908    
   247.633209       14.3284893    
   249.751373       14.2347403    
   251.887695       14.1202087    
   254.042206       14.0265722    
   256.215149       13.9024115    
   258.406677       13.8108692    
   260.617004       13.6976795    
   262.846252       13.6013088    
   265.094482       13.4830599    
   267.361969       13.3862457    
   269.648865       13.2787943    
   271.955322       13.1774502    
   274.281555       13.0647984    
   276.627625       12.9631433    
   278.993744       12.8610678    
   281.380188       12.7552729    
   283.787018       12.6480570    
   286.214386       12.5417767    
   288.662506       12.4453011    
   291.131561       12.3350286    
   293.621826       12.2331867    
   296.133362       12.1226940    
   298.666321       12.0312099    
   301.220947       11.9167528    
   303.797424       11.8188505    
   306.396027       11.7072678    
   309.016846       11.6150770    
   311.660034       11.5049181    
   314.325806       11.4034348    
   317.014465       11.2971888    
   319.726135       11.2006416    
   322.460876       11.0962906    
   325.219025       10.9909105    
   328.000763       10.8899641    
   330.806396       10.7895527    
   333.636017       10.6903229    
   336.489746       10.5811234    
   339.367920       10.4854918    
   342.270691       10.3813534    
   345.198364       10.2874975    
   348.151093       10.1747074    
   351.128967       10.0839119    
   354.132355       9.97694016    
   357.161499       9.88757706    
   360.216553       9.77267265    
   363.297668       9.68375492    
   366.405090       9.57898426    
   369.539124       9.48776722    
   372.700073       9.37823105    
   375.888062       9.28593826    
   379.103210       9.18638039    
   382.345825       9.09188366    
   385.616302       8.98818398    
   388.914734       8.89284897    
   392.241333       8.79825306    
   395.596313       8.70121002    
   398.980042       8.60295105    
   402.392822       8.50455761    
   405.834778       8.41513920    
   409.306030       8.31561375    
   412.807037       8.22256565    
   416.337952       8.12178898    
   419.899200       8.03710651    
   423.490906       7.93567085    
   427.113220       7.84598684    
   430.766510       7.74636126    
   434.451141       7.66157770    
   438.167297       7.56479883    
   441.915161       7.47342730    
   445.695068       7.37911749    
   449.507324       7.29193115    
   453.352234       7.20061779    
   457.230103       7.10715437    
   461.141022       7.01824045    
   465.085358       6.92933416    
   469.063416       6.84323263    
   473.075684       6.74780703    
   477.122223       6.66392279    
   481.203278       6.57347965    
   485.319244       6.49210072    
   489.470520       6.39605808    
   493.657288       6.31657267    
   497.879761       6.22578001    
 no no
