   1.0074781272835494        0.0000000000000000     
   1.0225462266259862        0.0000000000000000     
   1.0378396882980305        0.0000000000000000     
   1.0533618828760543        0.0000000000000000     
   1.0691162313476272        0.0000000000000000     
   1.0851062058654795        0.0000000000000000     
   1.1013353305127425        0.0000000000000000     
   1.1178071820796309        0.0000000000000000     
   1.1345253908517452        0.0000000000000000     
   1.1514936414101611        0.0000000000000000     
   1.1687156734434869        0.0000000000000000     
   1.1861952825720661        0.0000000000000000     
   1.2039363211845058        0.0000000000000000     
   1.2219426992867175        0.0000000000000000     
   1.2402183853636575        0.0000000000000000     
   1.2587674072539525        0.0000000000000000     
   1.2775938530376094        0.0000000000000000     
   1.2967018719370005        0.0000000000000000     
   1.3160956752313240        0.0000000000000000     
   1.3357795371847414        0.0000000000000000     
   1.3557577959883977        0.0000000000000000     
   1.3760348547165289        0.0000000000000000     
   1.3966151822968702        0.0000000000000000     
   1.4175033144955773        0.0000000000000000     
   1.4387038549168794        0.0000000000000000     
   1.4602214760176826        0.0000000000000000     
   1.4820609201373478        0.0000000000000000     
   1.5042270005428708        0.0000000000000000     
   1.5267246024896934        0.0000000000000000     
   1.5495586842983817        0.0000000000000000     
   1.5727342784474070        0.0000000000000000     
   1.5962564926822689        0.0000000000000000     
   1.6201305111412092        0.0000000000000000     
   1.6443615954977608        0.0000000000000000     
   1.6689550861203861        0.0000000000000000     
   1.6939164032494571        0.0000000000000000     
   1.7192510481918402        0.0000000000000000     
   1.7449646045333487        0.0000000000000000     
   1.7710627393693263        0.0000000000000000     
   1.7975512045536375        0.0000000000000000     
   1.8244358379663366        0.0000000000000000     
   1.8517225648002993        0.0000000000000000     
   1.8794173988670937        0.0000000000000000     
   1.9075264439223845        0.0000000000000000     
   1.9360558950111604        0.0000000000000000     
   1.9650120398330797        0.0000000000000000     
   1.9944012601282370        0.0000000000000000     
   2.0242300330836578        0.0000000000000000     
   2.0545049327608238        0.0000000000000000     
   2.0852326315445548        0.0000000000000000     
   2.1164199016135563        0.0000000000000000     
   2.1480736164329630        0.0000000000000000     
   2.1802007522692026        0.0000000000000000     
   2.2128083897275213        0.0000000000000000     
   2.2459037153124979        0.0000000000000000     
   2.2794940230119050        0.0000000000000000     
   2.3135867159042509        0.0000000000000000     
   2.3481893077903733        0.0000000000000000     
   2.3833094248494255        0.0000000000000000     
   2.4189548073196390        0.0000000000000000     
   2.4551333112042188        0.0000000000000000     
   2.4918529100027533        0.0000000000000000     
   2.5291216964685201        0.0000000000000000     
   2.5669478843920763        0.0000000000000000     
   2.6053398104115200        0.0000000000000000     
   2.6443059358498315        0.0000000000000000     
   2.6838548485796920        0.0000000000000000     
   2.7239952649161920        0.0000000000000000     
   2.7647360315378506        0.0000000000000000     
   2.8060861274363611        0.0000000000000000     
   2.8480546658955035        0.0000000000000000     
   2.8906508964996505        0.0000000000000000     
   2.9338842071723112        0.0000000000000000     
   2.9777641262451713        0.0000000000000000     
   3.0223003245580684        0.0000000000000000     
   3.0675026175903843        0.0000000000000000     
   3.1133809676243080        0.0000000000000000     
   3.1599454859404572        0.0000000000000000     
   3.2072064350463378        0.0000000000000000     
   3.2551742309381275        0.0000000000000000     
   3.3038594453962977        0.0000000000000000     
   3.3532728083155590        0.0000000000000000     
   3.4034252100696571        0.0000000000000000     
   3.4543277039115408        0.0000000000000000     
   3.5059915084094229        0.0000000000000000     
   3.5584280099192807        0.0000000000000000     
   3.6116487650943290        0.0000000000000000     
   3.6656655034320282        0.0000000000000000     
   3.7204901298591890        0.0000000000000000     
   3.7761347273557413        0.0000000000000000     
   3.8326115596177366        0.0000000000000000     
   3.8899330737601847        0.0000000000000000     
   3.9481119030603189        0.0000000000000000     
   4.0071608697418819        0.0000000000000000     
   4.0670929878010584        0.0000000000000000     
   4.1279214658746728        0.0000000000000000     
   4.1896597101512860        0.0000000000000000     
   4.2523213273258262        0.0000000000000000     
   4.3159201275984156        0.0000000000000000     
   4.3804701277180422        0.0000000000000000     
   4.4459855540717648        0.0000000000000000     
   4.5124808458201056        0.0000000000000000     
   4.5799706580793487        0.0000000000000000     
   4.6484698651514265        0.0000000000000000     
   4.7179935638021187        0.0000000000000000     
   4.7885570765882770        0.0000000000000000     
   4.8601759552348138        0.0000000000000000     
   4.9328659840621985        0.0000000000000000     
   5.0066431834652141        0.0000000000000000     
   5.0815238134437495        0.0000000000000000     
   5.1575243771863892        0.0000000000000000     
   5.2346616247076065        0.0000000000000000     
   5.3129525565393561        0.0000000000000000     
   5.3924144274778767        0.0000000000000000     
   5.4730647503865333        0.0000000000000000     
   5.5549213000555291        0.0000000000000000     
   5.6380021171193579        0.0000000000000000     
   5.7223255120328371        0.0000000000000000     
   5.8079100691066046        0.0000000000000000     
   5.8947746506029794        0.0000000000000000     
   5.9829384008930777        0.0000000000000000     
   6.0724207506761054        0.0000000000000000     
   6.1632414212617519        0.0000000000000000     
   6.2554204289166293        0.0000000000000000     
   6.3489780892757359        0.0000000000000000     
   6.4439350218198763        0.0000000000000000     
   6.5403121544200591        0.0000000000000000     
   6.6381307279498554        0.0000000000000000     
   6.7374123009667537        0.0000000000000000     
   6.8381787544635149        0.0000000000000000     
   6.9404522966905979        0.0000000000000000     
   7.0442554680507090        0.0000000000000000     
   7.1496111460665519        0.0000000000000000     
   7.2565425504228909        0.0000000000000000     
   7.3650732480840002        0.0000000000000000     
   7.4752271584876731        0.0000000000000000     
   7.5870285588169049        0.0000000000000000     
   7.7005020893504188        0.0000000000000000     
   7.8156727588932204        0.0000000000000000     
   7.9325659502883665        0.0000000000000000     
   8.0512074260111781        0.0000000000000000     
   8.1716233338471191        0.0000000000000000     
   8.2938402126545796        0.0000000000000000     
   8.4178849982138821        0.0000000000000000     
   8.5437850291637307        0.0000000000000000     
   8.6715680530264727        0.0000000000000000     
   8.8012622323234577        0.0000000000000000     
   8.9328961507818789        0.0000000000000000     
   9.0664988196344289        0.0000000000000000     
   9.2020996840131808        0.0000000000000000     
   9.3397286294391044        0.0000000000000000     
   9.4794159884086149        0.0000000000000000     
   9.6211925470786799        0.0000000000000000     
   9.7650895520518617        0.0000000000000000     
   9.9111387172628689        0.0000000000000000     
   10.059372230968080        0.0000000000000000     
   10.209822762839641        0.0000000000000000     
   10.362523471165630        0.0000000000000000     
   10.517508010157922        0.0000000000000000     
   10.674810537369343        0.0000000000000000     
   10.834465721221786        0.0000000000000000     
   10.996508748646885        0.0000000000000000     
   11.160975332840977        0.0000000000000000     
   11.327901721136058        0.0000000000000000     
   11.497324702988443        0.0000000000000000     
   11.669281618086934        0.0000000000000000     
   11.843810364582211        0.0000000000000000     
   12.020949407439343        0.0000000000000000     
   12.200737786915219        0.0000000000000000     
   12.383215127162742        0.0000000000000000     
   12.568421644963740        0.0000000000000000     
   12.756398158592454        0.0000000000000000     
   12.947186096811631        0.0000000000000000     
   13.140827508003149        0.0000000000000000     
   13.337365069435180        0.0000000000000000     
   13.536842096667982        0.0000000000000000     
   13.739302553100366        0.0000000000000000     
   13.944791059658925        0.0000000000000000     
   14.153352904632188        0.0000000000000000     
   14.365034053651856        0.0000000000000000     
   14.579881159823314        0.0000000000000000     
   14.797941574007680        0.0000000000000000     
   15.019263355257596        0.0000000000000000     
   15.243895281409124        0.0000000000000000     
   15.471886859832074        0.0000000000000000     
   15.703288338341071        0.0000000000000000     
   15.938150716269854        0.0000000000000000     
   16.176525755711175        0.0000000000000000     
   16.418465992924823        0.0000000000000000     
   16.664024749916262        0.0000000000000000     
   16.913256146188445        0.0000000000000000     
   17.166215110669388        0.0000000000000000     
   17.422957393818134        0.0000000000000000     
   17.683539579911788        0.0000000000000000     
   17.948019099516319        0.0000000000000000     
   18.216454242143840        0.0000000000000000     
   18.488904169099246        0.0000000000000000     
   18.765428926518993        0.0000000000000000     
   19.046089458604811        0.0000000000000000     
   19.330947621055440        0.0000000000000000     
   19.620066194699199        0.0000000000000000     
   19.913508899330445        0.0000000000000000     
   20.211340407753017        0.0000000000000000     
   20.513626360033662        0.0000000000000000     
   20.820433377968676        0.0000000000000000     
   21.131829079766899        0.0000000000000000     
   21.447882094952313        0.0000000000000000     
   21.768662079489538        0.0000000000000000     
   22.094239731135531        0.0000000000000000     
   22.424686805020897        0.0000000000000000     
   22.760076129464256        0.0000000000000000     
   23.100481622023075        0.0000000000000000     
   23.445978305784635        0.0000000000000000     
   23.796642325900628        0.0000000000000000     
   24.152550966368999        0.0000000000000000     
   24.513782667066838        0.0000000000000000     
   24.880417041038022        0.0000000000000000     
   25.252534892039368        0.0000000000000000     
   25.630218232349254        0.0000000000000000     
   26.013550300842567        0.0000000000000000     
   26.402615581335994        0.0000000000000000     
   26.797499821207708        0.0000000000000000     
   27.198290050295480        0.0000000000000000     
   27.605074600077486        0.0000000000000000     
   28.017943123139993        0.0000000000000000     
   28.436986612936167        0.0000000000000000     
   28.862297423840424        0.0000000000000000     
   29.293969291502705        0.0000000000000000     
   29.732097353507193        0.0000000000000000     
   30.176778170340011        0.0000000000000000     
   30.628109746670489        0.0000000000000000     
   31.086191552950730        0.0000000000000000     
   31.551124547338251        0.0000000000000000     
   32.023011197946474        0.0000000000000000     
   32.501955505428022        0.0000000000000000     
   32.988063025895727        0.0000000000000000     
   33.481440894186520        0.0000000000000000     
   33.982197847473245        0.0000000000000000     
   34.490444249229583        0.0000000000000000     
   35.006292113553378        0.0000000000000000     
   35.529855129853900        0.0000000000000000     
   36.061248687908133        0.0000000000000000     
   36.600589903291947        0.0000000000000000     
   37.147997643191573        0.0000000000000000     
   37.703592552601123        0.0000000000000000     
   38.267497080912008        0.0000000000000000     
   38.839835508899839        0.0000000000000000     
   39.420733976115180        0.0000000000000000     
   40.010320508683833        0.0000000000000000     
   40.608725047522917        0.0000000000000000     
   41.216079476978997        0.0000000000000000     
   41.832517653894477        0.0000000000000000     
   42.458175437108764        0.0000000000000000     
   43.093190717400716        0.0000000000000000     
   43.737703447878701        0.0000000000000000     
   44.391855674825450        0.0000000000000000     
   45.055791569004043        0.0000000000000000     
   45.729657457432204        0.0000000000000000     
   46.413601855631796        0.0000000000000000     
   47.107775500360589        0.0000000000000000     
   47.812331382833719        0.0000000000000000     
   48.527424782441877        0.0000000000000000     
   49.253213300973826        0.0000000000000000     
   49.989856897350791        0.0000000000000000     
   50.737517922880400        0.0000000000000000     
   51.496361157037732        0.0000000000000000     
   52.266553843781651        0.0000000000000000     
   53.048265728414236        0.0000000000000000     
   53.841669094991495        0.0000000000000000     
   54.646938804293690        0.0000000000000000     
   55.464252332363387        0.0000000000000000     
   56.293789809620009        0.0000000000000000     
   57.135734060559422        0.0000000000000000     
   57.990270644047200        0.0000000000000000     
   58.857587894214532        0.0000000000000000     
   59.737876961965803        0.0000000000000000     
   60.631331857106986        0.0000000000000000     
   61.538149491104122        0.0000000000000000     
   62.458529720481266        0.0000000000000000     
   63.392675390867481        0.0000000000000000     
   64.340792381702741        0.0000000000000000     
   65.303089651612339        0.0000000000000000     
   66.279779284459920        0.0000000000000000     
   67.271076536089438        0.0000000000000000     
   68.277199881765966        0.0000000000000000     
   69.298371064326375        0.0000000000000000     
   70.334815143049724        0.0000000000000000     
   71.386760543258987        0.0000000000000000     
   72.454439106664466        0.0000000000000000     
   73.538086142460102        0.0000000000000000     
   74.637940479183982        0.0000000000000000     
   75.754244517354635        0.0000000000000000     
   76.887244282894429        0.0000000000000000     
   78.037189481352129        0.0000000000000000     
   79.204333552936163        0.0000000000000000     
   80.388933728371271        0.0000000000000000     
   81.591251085590415        0.0000000000000000     
   82.811550607274555        0.0000000000000000     
   84.050101239253152        0.0000000000000000     
   85.307175949777857        0.0000000000000000     
   86.583051789683012        0.0000000000000000     
   87.878009953445826        0.0000000000000000     
   89.192335841159604        0.0000000000000000     
   90.526319121434142        0.0000000000000000     
   91.880253795236740        0.0000000000000000     
   93.254438260687920        0.0000000000000000     
   94.649175378826584        0.0000000000000000     
   96.064772540358291        0.0000000000000000     
   97.501541733402320        0.0000000000000000     
   98.959799612251715        0.0000000000000000     
   100.43986756716163        0.0000000000000000     
   101.94207179518176        0.0000000000000000     
   103.46674337204800        0.0000000000000000     
   105.01421832514902        0.0000000000000000     
   106.58483770758482        0.0000000000000000     
   108.17894767333242        0.0000000000000000     
   109.79689955353562        0.0000000000000000     
   111.43904993393646        0.0000000000000000     
   113.10576073346402        0.0000000000000000     
   114.79739928399907        0.0000000000000000     
   116.51433841133149        0.0000000000000000     
   118.25695651732843        0.0000000000000000     
   120.02563766333192        0.0000000000000000     
   121.82077165480305        0.0000000000000000     
   123.64275412723268        0.0000000000000000     
   125.49198663333684        0.0000000000000000     
   127.36887673155596        0.0000000000000000     
   129.27383807587853        0.0000000000000000     
   131.20729050700731        0.0000000000000000     
   133.16966014488938        0.0000000000000000     
   135.16137948263037        0.0000000000000000     
   137.18288748181288        0.0000000000000000     
   139.23462966924052        0.0000000000000000     
   141.31705823512939        0.0000000000000000     
   143.43063213276747        0.0000000000000000     
   145.57581717966502        0.0000000000000000     
   147.75308616021761        0.0000000000000000     
   149.96291892990428        0.0000000000000000     
   152.20580252104509        0.0000000000000000     
   154.48223125013939        0.0000000000000000     
   156.79270682680988        0.0000000000000000     
   159.13773846437618        0.0000000000000000     
   161.51784299208177        0.0000000000000000     
   163.93354496900002        0.0000000000000000     
   166.38537679964338        0.0000000000000000     
   168.87387885130147        0.0000000000000000     
   171.39959957313494        0.0000000000000000     
   173.96309561704959        0.0000000000000000     
   176.56493196037871        0.0000000000000000     
   179.20568203040060        0.0000000000000000     
   181.88592783071778        0.0000000000000000     
   184.60626006952694        0.0000000000000000     
   187.36727828980690        0.0000000000000000     
   190.16959100145368        0.0000000000000000     
   193.01381581539243        0.0000000000000000     
   195.90057957969455        0.0000000000000000     
   198.83051851773064        0.0000000000000000     
   201.80427836839016        0.0000000000000000     
   204.82251452839739        0.0000000000000000     
   207.88589219675737        0.0000000000000000     
   210.99508652136063        0.0000000000000000     
   214.15078274778108        0.0000000000000000     
   217.35367637030038        0.0000000000000000     
   220.60447328518947        0.0000000000000000     
   223.90388994628347        0.0000000000000000     
   227.25265352288372        0.0000000000000000     
   230.65150206002065        0.0000000000000000     
   234.10118464111400        0.0000000000000000     
   237.60246155306598        0.0000000000000000     
   241.15610445382288        0.0000000000000000     
   244.76289654244411        0.0000000000000000     
   248.42363273171333        0.0000000000000000     
   252.13911982333224        0.0000000000000000     
   255.91017668573431        0.0000000000000000     
   259.73763443455732        0.0000000000000000     
   263.62233661581661        0.0000000000000000     
   267.56513939181627        0.0000000000000000     
   271.56691172984154        0.0000000000000000     
   275.62853559367386        0.0000000000000000     
   279.75090613796959        0.0000000000000000     
   283.93493190554557        0.0000000000000000     
   288.18153502761675        0.0000000000000000     
   292.49165142702702        0.0000000000000000     
   296.86623102452074        0.0000000000000000     
   301.30623794809878        0.0000000000000000     
   305.81265074550527        0.0000000000000000     
   310.38646259989434        0.0000000000000000     
   315.02868154871959        0.0000000000000000     
   319.74033070589968        0.0000000000000000     
   324.52244848730561        0.0000000000000000     
   329.37608883961991        0.0000000000000000     
   334.30232147262052        0.0000000000000000     
   339.30223209493727        0.0000000000000000     
   344.37692265333396        0.0000000000000000     
   349.52751157557128        0.0000000000000000     
   354.75513401690023        0.0000000000000000     
   360.06094211024219        0.0000000000000000     
   365.44610522011237        0.0000000000000000     
   370.91181020033906        0.0000000000000000     
   376.45926165563867        0.0000000000000000     
   382.08968220710267        0.0000000000000000     
   387.80431276165393        0.0000000000000000     
   393.60441278553594        0.0000000000000000     
   399.49126058188978        0.0000000000000000     
   405.46615357248368        0.0000000000000000     
   411.53040858365625        0.0000000000000000     
   417.68536213653556        0.0000000000000000     
   423.93237074160038        0.0000000000000000     
   430.27281119764564        0.0000000000000000     
   436.70808089521876        0.0000000000000000     
   443.23959812459680        0.0000000000000000     
   449.86880238836693        0.0000000000000000     
   456.59715471868316        0.0000000000000000     
   463.42613799926875        0.0000000000000000     
   470.35725729223316        0.0000000000000000     
   477.39204016977817        0.0000000000000000     
   484.53203705086418        0.0000000000000000     
   491.77882154291171        0.0000000000000000     
   499.13399078861534        0.0000000000000000     
   506.59916581794175        0.0000000000000000     
   514.17599190539477        0.0000000000000000     
   521.86613893262256        0.0000000000000000     
   529.67130175644775        0.0000000000000000     
   537.59320058240360        0.0000000000000000     
   545.63358134385567        0.0000000000000000     
   553.79421608679218        0.0000000000000000     
   562.07690336037308        0.0000000000000000     
   570.48346861331765        0.0000000000000000     
   579.01576459621981        0.0000000000000000     
   587.67567176988405        0.0000000000000000     
   596.46509871976514        0.0000000000000000     
   605.38598257660760        0.0000000000000000     
   614.44028944337686        0.0000000000000000     
   623.63001482857385        0.0000000000000000     
   632.95718408603352        0.0000000000000000     
   642.42385286129820        0.0000000000000000     
   652.03210754466795        0.0000000000000000     
   661.78406573102825        0.0000000000000000     
   671.68187668655105        0.0000000000000000     
   681.72772182238168        0.0000000000000000     
   691.92381517540571        0.0000000000000000     
   702.27240389620715        0.0000000000000000     
   712.77576874432725        0.0000000000000000     
   723.43622459092717        0.0000000000000000     
   734.25612092896995        0.0000000000000000     
   745.23784239103384        0.0000000000000000     
   756.38380927486946        0.0000000000000000     
   767.69647807681622        0.0000000000000000     
   779.17834203319865        0.0000000000000000     
   790.83193166981698        0.0000000000000000     
   802.65981535966114        0.0000000000000000     
   814.66459988896065        0.0000000000000000     
   826.84893103170361        0.0000000000000000     
   839.21549413274749        0.0000000000000000     
   851.76701469965042        0.0000000000000000     
   864.50625900335604        0.0000000000000000     
   877.43603468786080        0.0000000000000000     
   890.55919138899799        0.0000000000000000     
   903.87862136248145        0.0000000000000000     
   917.39726012133735        0.0000000000000000     
   931.11808708287094        0.0000000000000000     
   945.04412622531220        0.0000000000000000     
   959.17844675427932        0.0000000000000000     
   973.52416377921065        0.0000000000000000     
   988.08443899991482        0.0000000000000000     
   1002.8624814033864        0.0000000000000000     
   1017.8615479710477        0.0000000000000000     
   1033.0849443965637        0.0000000000000000     
   1048.5360258143958        0.0000000000000000     
   1064.2181975392502        0.0000000000000000     
   1080.1349158165863        0.0000000000000000     
   1096.2896885843506        0.0000000000000000     
   1112.6860762461042        0.0000000000000000     
   1129.3276924557072        0.0000000000000000     
   1146.2182049137487        0.0000000000000000     
   1163.3613361758821        0.0000000000000000     
   1180.7608644732486        0.0000000000000000     
   1198.4206245451780        0.0000000000000000     
   1216.3445084843370        0.0000000000000000     
   1234.5364665945212        0.0000000000000000     
   1253.0005082612761        0.0000000000000000     
   1271.7407028355360        0.0000000000000000     
   1290.7611805304850        0.0000000000000000     
   1310.0661333318276        0.0000000000000000     
   1329.6598159216730        0.0000000000000000     
   1349.5465466162400        0.0000000000000000     
   1369.7307083175813        0.0000000000000000     
   1390.2167494795513        0.0000000000000000     
   1411.0091850882127        0.0000000000000000     
   1432.1125976569065        0.0000000000000000     
   1453.5316382362121        0.0000000000000000     
   1475.2710274390056        0.0000000000000000     
   1497.3355564808485        0.0000000000000000     
   1519.7300882359443        0.0000000000000000     
   1542.4595583088803        0.0000000000000000     
   1565.5289761224026        0.0000000000000000     
   1588.9434260214593        0.0000000000000000     
   1612.7080683937543        0.0000000000000000     
   1636.8281408070652        0.0000000000000000     
   1661.3089591635662        0.0000000000000000     
   1686.1559188714182        0.0000000000000000     
   1711.3744960338804        0.0000000000000000     
   1736.9702486562032        0.0000000000000000     
   1762.9488178705819        0.0000000000000000     
   1789.3159291794209        0.0000000000000000     
   1816.0773937171930        0.0000000000000000     
   1843.2391095311805        0.0000000000000000     
   1870.8070628813621        0.0000000000000000     
   1898.7873295597419        0.0000000000000000     
   1927.1860762294186        0.0000000000000000     
   1956.0095617836739        0.0000000000000000     
   1985.2641387253898        0.0000000000000000     
