  0.100381494      -1.1412746114594714E-006
  0.101147391       1.5635632719493344E-005
  0.101919137       1.5592782337626552E-005
  0.102696769       1.5555716083563630E-005
  0.103480324       1.5523339116572927E-005
  0.104269862       1.5494815988957665E-005
  0.105065428       1.5469498218130628E-005
  0.105867065       1.5076800744499021E-005
  0.106674820       1.4821573157504930E-005
  0.107488729       1.4630705361828849E-005
  0.108308852       1.4482576779576040E-005
  0.109135240       1.4364281765075771E-005
  0.109967925       1.4306118772298954E-005
  0.110806957       1.4187197172026105E-005
  0.111652397       1.4119204193849341E-005
  0.112504289       1.4060977194998979E-005
  0.113362685       1.4010554726194993E-005
  0.114227630       1.3966469700856957E-005
  0.115099169       1.3927594433031266E-005
  0.115977362       1.3438747204160149E-005
  0.116862252       1.3124227254065272E-005
  0.117753893       1.2885549448007980E-005
  0.118652344       1.2698236515969080E-005
  0.119557641       1.3852780597096263E-005
  0.120469853       1.2423140096250904E-005
  0.121389017       1.2319168967261454E-005
  0.122315198       1.2230846481068131E-005
  0.123248443       1.2154892326401847E-005
  0.124188818       1.2088875956838318E-005
  0.125136375       1.2030970672726028E-005
  0.126091138       1.1445653658247685E-005
  0.127053186       1.1071157490687325E-005
  0.128022581       1.0782683801598628E-005
  0.128999382       1.0553653226757611E-005
  0.129983634       1.0393282640754494E-005
  0.130975395       1.0213000270583203E-005
  0.131974712       1.0082904557366003E-005
  0.132981658       9.9718009621023816E-006
  0.133996293       9.8758171173429769E-006
  0.135018677       9.7920643279265648E-006
  0.136048853       9.1874747478303020E-006
  0.137086868       8.7422501846343877E-006
  0.138132825       8.3958476302484105E-006
  0.139186770       8.1186625912882997E-006
  0.140248746       7.5515797281031559E-006
  0.141318828       7.7028058674413833E-006
  0.142397076       7.5428437412496911E-006
  0.143483534       7.4057317833129108E-006
  0.144578293       7.2869011390393079E-006
  0.145681411       7.1829274834943243E-006
  0.146792948       6.2902507773061577E-006
  0.147912949       5.8697670880902117E-006
  0.149041504       5.5327401602005414E-006
  0.150178671       4.9827250218367895E-006
  0.151324511       5.0261598802172542E-006
  0.152479112       4.8309948346694098E-006
  0.153642505       4.6635776852802959E-006
  0.154814765       4.5183841183735119E-006
  0.155995980       4.3912672141316040E-006
  0.157186210       3.4155293631046213E-006
  0.158385515       2.9985702188594409E-006
  0.159593970       3.6342130613925719E-006
  0.160811663       2.3764964533711666E-006
  0.162038624       2.1383220635041430E-006
  0.163274959       1.9346536847583126E-006
  0.164520726       1.7585053910805092E-006
  0.165775999       1.6046560554584850E-006
  0.167040855       7.6109179902961514E-007
  0.168315351       3.3160270265804199E-007
  0.169599563       8.1706721580606033E-007
  0.170893580      -3.1515014147275068E-007
  0.172197476      -5.6469932122111874E-007
  0.173511326      -7.7894522998569417E-007
  0.174835190      -9.6487724151521562E-007
  0.176169157      -1.1277572235299266E-006
  0.177513301      -1.9413989563968076E-006
  0.178867698      -2.3179355280976489E-006
  0.180232435      -2.9135189904445392E-006
  0.181607604      -2.8977604424826579E-006
  0.182993233      -3.1257094410085714E-006
  0.184389442      -3.3233342989156419E-006
  0.185796320      -3.4963052384623928E-006
  0.187213913      -4.0980688661932067E-006
  0.188642323      -4.4440654873232915E-006
  0.190081641      -4.8218036467271287E-006
  0.191531941      -4.9823999383580047E-006
  0.192993313      -5.1959048294389114E-006
  0.194465816      -5.3818639488038565E-006
  0.195949554      -5.5452824029668784E-006
  0.197444633      -6.0196596271987600E-006
  0.198951095      -6.2977314871515150E-006
  0.200469062      -6.8672701623162892E-006
  0.201998621      -6.7396513157081743E-006
  0.203539848      -6.9181271986722270E-006
  0.205092832      -7.0750957776480078E-006
  0.206657663      -7.3560142235030774E-006
  0.208234429      -7.5876067256561767E-006
  0.209823221      -7.6738245910891791E-006
  0.211424142      -7.9608648810045810E-006
  0.213037282      -8.1134562025166711E-006
  0.214662731      -8.2485502847664841E-006
  0.216300577      -8.3689911871008055E-006
  0.217950910      -8.5895999101598247E-006
  0.219613865      -8.5646063806263969E-006
  0.221289486      -8.8637438184414573E-006
  0.222977892      -8.9782927932690944E-006
  0.224679187      -9.0809433758991264E-006
  0.226393446      -9.1734548911688140E-006
  0.228120804      -9.2803905119855255E-006
  0.229861334      -9.3349017898296720E-006
  0.231615141      -9.4432101724868488E-006
  0.233382344      -9.5132269216468261E-006
  0.235163003      -9.5769988677104542E-006
  0.236957282      -9.6036515020449356E-006
  0.238765240      -9.6305938480807183E-006
  0.240586981      -9.6874236617204472E-006
  0.242422625      -9.6782084715005870E-006
  0.244272277      -9.6993473194733964E-006
  0.246136039      -9.7189634966440197E-006
  0.248014003      -9.6350473233030369E-006
  0.249906331      -9.6022181028716401E-006
  0.251813114      -9.5548460287830922E-006
  0.253734410      -9.5181798126798174E-006
  0.255670339      -9.4835508425226086E-006
  0.257621050      -9.3238194750697439E-006
  0.259586692      -9.3058876682555184E-006
  0.261567295      -9.0856537176007969E-006
  0.263563037      -8.9734544394203377E-006
  0.265573978      -8.8655039854638941E-006
  0.267600238      -8.6068588110166699E-006
  0.269641995      -8.5359965079377792E-006
  0.271699369      -8.1728201513576019E-006
  0.273772359      -7.9627202149521547E-006
  0.275861204      -7.7570383819915433E-006
  0.277966022      -7.3551114009920475E-006
  0.280086875      -6.9623427627128825E-006
  0.282223880      -6.6744901851931062E-006
  0.284377187      -6.3377037011718123E-006
  0.286546946      -6.0032412271497598E-006
  0.288733244      -5.3986790180717890E-006
  0.290936261      -4.1681218293158461E-006
  0.293156087      -4.4082258759724196E-006
  0.295392811      -3.9104796974158564E-006
  0.297646612      -3.2144570201705910E-006
  0.299917608      -2.6239260372540141E-006
  0.302205950      -1.8615054805594945E-006
  0.304511756      -1.1755423894483808E-006
  0.306835145      -4.8316805839507591E-007
  0.309176236      -4.7836449732149370E-007
  0.311535209       1.3923443302287921E-006
  0.313912183       2.2797681169142333E-006
  0.316307276       3.1773991879594537E-006
  0.318720669       4.3178375095369731E-006
  0.321152449       6.9664749442897182E-006
  0.323602796       6.4710456171583826E-006
  0.326071858       7.5658017092074119E-006
  0.328559756       8.8346850610528602E-006
  0.331066608       1.1630473722159114E-005
  0.333592594       1.1311644310507392E-005
  0.336137831       1.2568972039522763E-005
  0.338702530       1.3910449227173480E-005
  0.341286778       1.7140082003162638E-005
  0.343890786       1.6586993731083633E-005
  0.346514612       1.7944424432564987E-005
  0.349158466       1.8078749599747104E-005
  0.351822495       2.0592989018299819E-005
  0.354506850       2.1949281085420242E-005
  0.357211679       2.3319224974279282E-005
  0.359937161       2.4352688934521891E-005
  0.362683445       2.5675502456438527E-005
  0.365450680       2.6937321559009237E-005
  0.368239045       2.7905216350017943E-005
  0.371048629       2.9910462628051827E-005
  0.373879671       2.9969947851558418E-005
  0.376732290       3.1024282844887173E-005
  0.379606724       3.1272666835123213E-005
  0.382503092       3.2229092748375196E-005
  0.385421544       3.2958657555805208E-005
  0.388362259       3.3224286129750060E-005
  0.391325414       3.3909157854143375E-005
  0.394311130       3.3892694818279931E-005
  0.397319674       3.4236336689651767E-005
  0.400351167       3.3833984405137280E-005
  0.403405815       3.3783008620671219E-005
  0.406483769       3.3712598571033022E-005
  0.409585178       3.3253493111730019E-005
  0.412710249       3.2701972988452826E-005
  0.415859163       3.2266512720212958E-005
  0.419032067       3.1975679228254944E-005
  0.422229230       3.0860403715431676E-005
  0.425450802       3.0168602491392134E-005
  0.428696960       3.0028314653148363E-005
  0.431967854       2.8598385282786879E-005
  0.435263693       2.7798092079721313E-005
  0.438584685       2.7697378523001140E-005
  0.441931009       2.6335113678596926E-005
  0.445302904       2.5582857033725506E-005
  0.448700488       2.5458151305648785E-005
  0.452124029       2.4490323889454334E-005
  0.455573678       2.3921912900243169E-005
  0.459049642       2.3834574928523161E-005
  0.462552190       2.3408739152499759E-005
  0.466081381       2.3121025114441794E-005
  0.469637454       2.3261878901125316E-005
  0.473220736       2.3318256461324351E-005
  0.476831347       2.3366808436847559E-005
  0.480469525       2.4023810569323891E-005
  0.484135449       2.4337514441981094E-005
  0.487829328       2.4748536180719965E-005
  0.491551399       2.6285407909379587E-005
  0.495301843       2.6522968135705407E-005
  0.499080956       2.7204871999530745E-005
  0.502888858       2.8769298342850701E-005
  0.506725788       2.9925537742741600E-005
  0.510592103       3.1882385322954713E-005
  0.514487863       3.3039645451281588E-005
  0.518413305       3.3682054198990077E-005
  0.522368670       3.6645892490554279E-005
  0.526354313       3.8557410295735975E-005
  0.530370355       4.0959585185736740E-005
  0.534417033       4.2827423898836295E-005
  0.538494527       4.3823627902424998E-005
  0.542603135       4.7144832315024974E-005
  0.546743155       4.9416593145811184E-005
  0.550914764       5.1702556587442545E-005
  0.555118084       5.3075948382421134E-005
  0.559353590       5.3995257510499504E-005
  0.563621402       5.5474269433046462E-005
  0.567921758       5.5884154221794761E-005
  0.572254896       5.6092814021545487E-005
  0.576621175       5.6225603042962569E-005
  0.581020653       5.4225948874511933E-005
  0.585453749       5.3368348338810597E-005
  0.589920700       5.0885596539700414E-005
  0.594421744       4.8356244950310085E-005
  0.598957121       4.6043149670977841E-005
  0.603527069       4.1707027900129566E-005
  0.608131886       3.9813930369165450E-005
  0.612771809       3.4189319175523245E-005
  0.617447138       3.0264746351335396E-005
  0.622158229       2.4753094086904383E-005
  0.626905203       2.2868671063275720E-005
  0.631688416       1.8752992947191540E-005
  0.636508107       1.6737308626059051E-005
  0.641364634       1.3977797933688921E-005
  0.646258175       1.2276914852500825E-005
  0.651188970       1.0703043402407364E-005
  0.656157434       9.5728923727815524E-006
  0.661163807       8.9666318972917434E-006
  0.666208446       8.4501719429829962E-006
  0.671291471       8.5931168754639871E-006
  0.676413357       8.5836987186161812E-006
  0.681574345       9.2817666425667037E-006
  0.686774611       9.6100251594735505E-006
  0.692014635       1.0699508751214461E-005
  0.697294593       1.1197156815197764E-005
  0.702614903       1.2529654624478515E-005
  0.707975745       1.2755078962386482E-005
  0.713377476       1.3968303980175076E-005
  0.718820453       1.4660951600318708E-005
  0.724304914       1.5614754948925779E-005
  0.729831278       1.6173329215255571E-005
  0.735399842       1.6735012829263278E-005
  0.741010845       1.6850269239640602E-005
  0.746664584       1.6963443768257418E-005
  0.752361536       1.6278865124306115E-005
  0.758101940       1.5927870976328595E-005
  0.763886213       1.4695998294324304E-005
  0.769714594       1.3326279268907844E-005
  0.775587380       1.1714319994130308E-005
  0.781504989       9.3908776276987060E-006
  0.787467837       8.2890711824303790E-006
  0.793476105       5.4872537387259831E-006
  0.799530089       3.4153478721987192E-006
  0.805630445       1.0865702626632241E-006
  0.811777353      -1.2386330077028451E-006
  0.817971051      -2.4003599809417461E-006
  0.824212074      -4.4211917378833911E-006
  0.830500722      -5.8221398318926701E-006
  0.836837351      -6.7015058013393920E-006
  0.843222201      -7.8878819556469851E-006
  0.849655867      -8.5706600076872946E-006
  0.856138647      -9.2114130193354466E-006
  0.862670898      -9.6389382188263193E-006
  0.869252980      -9.8415216525163351E-006
  0.875885308      -1.0112435780639571E-005
  0.882568181      -1.0343179360133046E-005
  0.889301896      -1.0504302859685474E-005
  0.896087229      -1.0733394071859321E-005
  0.902924299      -1.1071983674347139E-005
  0.909813464      -1.1347522241283870E-005
  0.916755259      -1.1646976340725935E-005
  0.923749983      -1.2187510158353516E-005
  0.930798054      -1.2719857936048997E-005
  0.937899828      -1.3170062340203606E-005
  0.945055962      -1.3806663378923233E-005
  0.952266574      -1.4445510525513120E-005
  0.959532261      -1.4917361615302992E-005
  0.966853380      -1.5386849533482835E-005
  0.974230289      -1.5945893739142065E-005
  0.981663585      -1.6389969561754916E-005
  0.989153445      -1.6706863631867137E-005
  0.996700525      -1.6990306106701271E-005
   1.00430524      -1.7263303800955374E-005
   1.01196790      -1.7449763599408756E-005
   1.01968908      -1.7567548249691034E-005
   1.02746928      -1.7657918088052563E-005
   1.03530884      -1.7727795876658138E-005
   1.04320788      -1.7761289581195132E-005
   1.05116749      -1.7772797199470051E-005
   1.05918777      -1.7774678641158151E-005
   1.06726921      -1.7768294877507398E-005
   1.07541227      -1.7753184391040140E-005
   1.08361769      -1.7731365057443347E-005
   1.09188545      -1.7709432871032675E-005
   1.10021639      -1.7685516496342163E-005
   1.10861087      -1.7659873642036340E-005
   1.11706948      -1.7632692957595127E-005
   1.12559247      -1.7601412515706439E-005
   1.13418067      -1.7567465715543573E-005
   1.14283431      -1.7534330781892490E-005
   1.15155399      -1.7497726045307221E-005
   1.16034019      -1.7456576877500393E-005
   1.16919339      -1.7409646950630399E-005
   1.17811406      -1.7355698252485290E-005
   1.18710291      -1.7293735320184437E-005
   1.19616044      -1.7223256211361627E-005
   1.20528698      -1.7140279074494337E-005
   1.21448326      -1.7049951345391718E-005
   1.22374964      -1.6960711719539335E-005
   1.23308659      -1.6872270485235887E-005
   1.24249482      -1.6789323667035012E-005
   1.25197482      -1.6716954694672323E-005
   1.26152730      -1.6659903386330729E-005
   1.27115250      -1.6621937678497493E-005
   1.28085136      -1.6605216933969517E-005
   1.29062414      -1.6609948330300643E-005
   1.30047131      -1.6634331275579875E-005
   1.31039357      -1.6674901019984107E-005
   1.32039177      -1.6727128291624975E-005
   1.33046627      -1.6786190738172108E-005
   1.34061754      -1.6847857221290238E-005
   1.35084629      -1.6909018393301446E-005
   1.36115301      -1.6968074102367157E-005
   1.37153840      -1.7024958658043470E-005
   1.38200295      -1.7080825854024516E-005
   1.39254749      -1.7137614400590512E-005
   1.40317249      -1.7196980033801799E-005
   1.41387844      -1.7259641979800559E-005
   1.42466617      -1.7325435170291869E-005
   1.43553627      -1.7395595933117319E-005
   1.44648921      -1.7458033857858677E-005
   1.45752561      -1.7513527123620601E-005
   1.46864629      -1.7559586231016336E-005
   1.47985196      -1.7595010223981767E-005
   1.49114299      -1.7619822683701882E-005
   1.50252032      -1.7635089816612284E-005
   1.51398432      -1.7642182700183082E-005
   1.52553582      -1.7641928360259265E-005
   1.53717542      -1.7635404793868933E-005
   1.54890394      -1.7624087509444284E-005
   1.56072176      -1.7608663730090740E-005
   1.57262993      -1.7589328842769632E-005
   1.58462882      -1.7564555123567716E-005
   1.59671926      -1.7531649264285102E-005
   1.60890210      -1.7492017714169386E-005
   1.62117779      -1.7438038697357864E-005
   1.63354707      -1.7362829876574284E-005
   1.64601088      -1.7237494193984269E-005
   1.65856969      -1.7083170497560622E-005
   1.67122436      -1.6888928908060675E-005
   1.68397570      -1.6648304812056564E-005
   1.69682407      -1.6335660408353538E-005
   1.70977068      -1.6048918251991218E-005
   1.72281599      -1.5768425109651140E-005
   1.73596072      -1.5482043408545088E-005
   1.74920583      -1.5282794185975566E-005
   1.76255202      -1.5160096227363672E-005
   1.77600014      -1.5119425420738058E-005
   1.78955078      -1.5178122358917855E-005
   1.80320477      -1.5313133064835027E-005
   1.81696296      -1.5562665795654135E-005
   1.83082604      -1.5818647980567891E-005
   1.84479523      -1.6124551534104608E-005
   1.85887063      -1.6439107698162149E-005
   1.87305355      -1.6703860399521675E-005
   1.88734472      -1.6985441645111989E-005
   1.90174496      -1.7178539547139941E-005
   1.91625500      -1.7364308753747204E-005
   1.93087554      -1.7495298867623650E-005
   1.94560790      -1.7604776203308171E-005
   1.96045268      -1.7682385251849615E-005
   1.97541070      -1.7738986833306052E-005
   1.99048281      -1.7775224377153625E-005
   2.00567007      -1.7796489552903163E-005
   2.02097321      -1.7805204485127171E-005
   2.03639269      -1.7804212390987252E-005
   2.05193019      -1.7796380068829995E-005
   2.06758595      -1.7779814286374809E-005
   2.08336163      -1.7760700051570392E-005
   2.09925723      -1.7735821901406379E-005
   2.11527443      -1.7712393994119223E-005
   2.13141346      -1.7694268484714011E-005
   2.14767599      -1.7690050821341589E-005
   2.16406250      -1.7713241232408491E-005
   2.18057370      -1.7779420143711414E-005
   2.19721127      -1.7919783778621224E-005
   2.21397591      -1.8130291332652919E-005
   2.23086810      -1.8433425781323713E-005
   2.24788952      -1.8834348035405620E-005
   2.26504064      -1.9229951047902014E-005
   2.28232265      -1.9596050629235721E-005
   2.29973602      -1.9884857823654986E-005
   2.31728268      -2.0023739212651165E-005
   2.33496332      -2.0002748589269721E-005
   2.35277891      -1.9817494799991517E-005
   2.37073040      -1.9472591335222734E-005
   2.38881874      -1.8999431489665940E-005
   2.40704513      -1.8537093723649012E-005
   2.42541027      -1.8146360225852967E-005
   2.44391584      -1.7872119466275838E-005
   2.46256256      -1.7716837363119403E-005
   2.48135161      -1.7652637586985249E-005
   2.50028419      -1.7643112472619814E-005
   2.51936102      -1.7658322336938099E-005
   2.53858328      -1.7678465722030276E-005
   2.55795217      -1.7695348166112463E-005
   2.57746911      -1.7707364464235015E-005
   2.59713483      -1.7716714404083387E-005
   2.61695051      -1.7726625239260440E-005
   2.63691759      -1.7739202432711670E-005
   2.65703702      -1.7754924345618300E-005
   2.67730975      -1.7773049855023512E-005
   2.69773698      -1.7792610447972375E-005
   2.71832037      -1.7812811101656669E-005
   2.73906088      -1.7833261042153714E-005
   2.75995970      -1.7854767082864217E-005
   2.78101778      -1.7879458267918672E-005
   2.80223656      -1.7910827981436248E-005
   2.82361746      -1.7953294326861785E-005
   2.84516120      -1.8008686530402326E-005
   2.86686945      -1.8074100737563443E-005
   2.88874292      -1.8142105506332702E-005
   2.91078377      -1.8206344022985051E-005
   2.93299270      -1.8257744268780929E-005
   2.95537114      -1.8298219688445200E-005
   2.97792029      -1.8327798916273925E-005
   3.00064135      -1.8341693287343861E-005
   3.02353573      -1.8333060889267314E-005
   3.04660463      -1.8306537109265098E-005
   3.06984997      -1.8276375089293060E-005
   3.09327269      -1.8262980976218973E-005
   3.11687374      -1.8276139277443161E-005
   3.14065504      -1.8314121828979963E-005
   3.16461802      -1.8364366596711350E-005
   3.18876362      -1.8416949270497418E-005
   3.21309304      -1.8468642596735307E-005
   3.23760843      -1.8512437910372042E-005
   3.26231122      -1.8555000264907892E-005
   3.28720236      -1.8592848066816179E-005
   3.31228304      -1.8636005004087838E-005
   3.33755541      -1.8681117495343275E-005
   3.36302090      -1.8734190320903057E-005
   3.38867974      -1.8785809534845263E-005
   3.41453505      -1.8838334940039213E-005
   3.44058752      -1.8887412439113617E-005
   3.46683884      -1.8931574945488044E-005
   3.49329019      -1.8969904477318265E-005
   3.51994348      -1.8993074675940889E-005
   3.54680037      -1.8999925010180366E-005
   3.57386160      -1.8992000047653508E-005
   3.60112977      -1.8981503051592427E-005
   3.62860608      -1.8983835904536041E-005
   3.65629196      -1.9009074509956324E-005
   3.68418884      -1.9057862297329427E-005
   3.71229863      -1.9121993014278968E-005
   3.74062300      -1.9205724749065927E-005
   3.76916313      -1.9323450446385728E-005
   3.79792142      -1.9481998543663224E-005
   3.82689905      -1.9664365322150559E-005
   3.85609794      -1.9837976743525331E-005
   3.88551950      -1.9979741774571664E-005
   3.91516542      -2.0088122585154167E-005
   3.94503760      -2.0173789661480626E-005
   3.97513795      -2.0247613929831242E-005
   4.00546789      -2.0317838698730236E-005
   4.03602839      -2.0391364833527770E-005
   4.06682301      -2.0474373973431833E-005
   4.09785223      -2.0572143250769020E-005
   4.12911844      -2.0687694425958716E-005
   4.16062307      -2.0818773811464053E-005
   4.19236803      -2.0957584456905262E-005
   4.22435522      -2.1096464161531082E-005
   4.25658607      -2.1233139025360378E-005
   4.28906345      -2.1364846681008654E-005
   4.32178879      -2.1496850785839652E-005
   4.35476303      -2.1633006863599178E-005
   4.38798952      -2.1773805066060938E-005
   4.42146921      -2.1916388701100480E-005
   4.45520449      -2.2066071957192244E-005
   4.48919678      -2.2220028460878196E-005
   4.52344847      -2.2376907347132498E-005
   4.55796242      -2.2542396734648713E-005
   4.59273911      -2.2707156789800610E-005
   4.62778091      -2.2883768074780126E-005
   4.66308975      -2.3060935201977256E-005
   4.69866943      -2.3250100099223018E-005
   4.73451996      -2.3441946514076167E-005
   4.77064323      -2.3641364173681329E-005
   4.80704212      -2.3849205369438843E-005
   4.84371853      -2.4059726398433389E-005
   4.88067627      -2.4278618748099239E-005
   4.91791534      -2.4507405089238579E-005
   4.95543814      -2.4742374753956259E-005
   4.99324703      -2.4987831308512879E-005
   5.03134441      -2.5243670321946342E-005
   5.06973362      -2.5510186559069023E-005
   5.10841560      -2.5782673889105137E-005
   5.14739132      -2.6061502873533091E-005
   5.18666458      -2.6347279885681194E-005
   5.22623920      -2.6639406974072925E-005
   5.26611519      -2.6938256384557040E-005
   5.30629444      -2.7246715127924414E-005
   5.34677982      -2.7577951611621371E-005
   5.38757515      -2.7978397188892418E-005
   5.42868233      -2.8541473777184866E-005
   5.47010279      -2.9332033003960801E-005
   5.51183844      -3.0238180462074267E-005
   5.55389214      -3.1052455623468303E-005
   5.59626770      -3.1716410836775853E-005
   5.63896656      -3.2319681554883054E-005
   5.68199205      -3.2963936372502162E-005
   5.72534466      -3.3687137628725695E-005
   5.76902771      -3.4555524872189403E-005
   5.81304502      -3.5651632250356854E-005
   5.85739851      -3.7005731267273246E-005
   5.90208912      -3.8695983444956928E-005
   5.94712067      -4.0657628111945065E-005
   5.99249601      -4.3001082482581045E-005
   6.03821850      -4.5667828161942847E-005
   6.08429003      -4.8784671287941628E-005
   6.13071156      -5.2380640299299574E-005
   6.17748737      -5.6530426915100835E-005
   6.22462177      -6.1042282413972947E-005
   6.27211571      -6.4919642337070923E-005
   6.31997013      -6.7040830564217183E-005
   6.36818981      -6.7596342645239054E-005
   6.41677809      -6.8114428016941719E-005
   6.46573830      -6.9264098372442658E-005
   6.51507187      -6.9352211154526613E-005
   6.56478024      -6.6068517669763642E-005
   6.61486769      -5.9785533266174997E-005
   6.66533756      -5.3198984899474668E-005
   6.71619415      -4.8468511603304802E-005
   6.76743841      -4.6136814137756485E-005
   6.81907225      -4.5648336628178600E-005
   6.87110043      -4.6034535800975216E-005
   6.92352676      -4.6547264874944542E-005
   6.97635365      -4.6819607349130007E-005
   7.02958155      -4.6852880401150310E-005
   7.08321571      -4.6885253999400305E-005
   7.13725853      -4.7014263293737630E-005
   7.19171572      -4.7004574795447620E-005
   7.24658823      -4.6575080567010115E-005
   7.30187798      -4.5872125442470502E-005
   7.35758972      -4.5292772783424166E-005
   7.41372681      -4.5089799417996645E-005
   7.47029305      -4.5274578214834344E-005
   7.52729130      -4.5735738605972148E-005
   7.58472300      -4.6319480734167258E-005
   7.64259243      -4.6944526992241989E-005
   7.70090532      -4.7589202902450194E-005
   7.75966358      -4.8257618328461487E-005
   7.81886816      -4.8953903346389767E-005
   7.87852430      -4.9682588912493732E-005
   7.93863535      -5.0440019943100012E-005
   7.99920654      -5.1226785967833331E-005
   8.06024075      -5.2050183679077622E-005
   8.12173843      -5.2906440087234549E-005
   8.18370533      -5.3792499744477601E-005
   8.24614525      -5.4713409024394557E-005
   8.30906296      -5.5671600157780043E-005
   8.37246132      -5.6658748986332745E-005
   8.43634224      -5.7659837663955010E-005
   8.50070953      -5.8695617633437666E-005
   8.56556892      -5.9753024918296493E-005
   8.63092422      -6.0836270444422477E-005
   8.69677544      -6.1935146927455848E-005
   8.76313019      -6.3062880043435044E-005
   8.82999039      -6.4198179351055191E-005
   8.89736366      -6.5349850738539539E-005
   8.96525002      -6.6524867499163584E-005
   9.03365326      -6.7721316188202436E-005
   9.10257816      -6.8931630614015171E-005
   9.17203140      -7.0155568227270475E-005
   9.24201393      -7.1398505538145942E-005
   9.31252766      -7.2663393563506009E-005
   9.38357925      -7.3946674913157967E-005
   9.45517349      -7.5249643183535509E-005
   9.52731705      -7.6571523564274694E-005
   9.60001087      -7.7921229743301601E-005
   9.67325592      -7.9305566576856070E-005
   9.74706078      -8.0726642896624323E-005
   9.82142830      -8.2162251963827573E-005
   9.89636612      -8.3634634204651746E-005
   9.97187519      -8.5135105005539221E-005
   10.0479584      -8.6689340908202963E-005
   10.1246223      -8.8287606251982972E-005
   10.2018738      -8.9938471113252622E-005
   10.2797127      -9.1615564989712102E-005
   10.3581448      -9.3330590886597710E-005
   10.4371748      -9.5109447682509404E-005
   10.5168085      -9.6937979928972030E-005
   10.5970516      -9.8805744529775912E-005
   10.6779070      -1.0071209468670418E-004
   10.7593765      -1.0266302675822562E-004
   10.8414688      -1.0467983792312653E-004
   10.9241867      -1.0675372229318368E-004
   11.0075378      -1.0886707482943197E-004
   11.0915251      -1.1102262421184878E-004
   11.1761513      -1.1320189626636511E-004
   11.2614222      -1.1543305366533996E-004
   11.3473473      -1.1771375850271864E-004
   11.4339275      -1.2005142200806932E-004
   11.5211658      -1.2242304241980500E-004
   11.6090689      -1.2483551891890552E-004
   11.6976433      -1.2725591869616252E-004
   11.7868958      -1.2967697874659924E-004
   11.8768301      -1.3220973276410948E-004
   11.9674473      -1.3494711756747795E-004
   12.0587559      -1.3756294473096580E-004
   12.1507645      -1.4008091671422829E-004
   12.2434750      -1.4266052317757217E-004
   12.3368893      -1.4531115617010464E-004
   12.4310169      -1.4801180822474077E-004
   12.5258627      -1.5075157809653391E-004
   12.6214352      -1.5352802681720798E-004
   12.7177362      -1.5640379948905821E-004
   12.8147697      -1.5932700403014461E-004
   12.9125443      -1.6229017531104768E-004
   13.0110636      -1.6529511897678945E-004
   13.1103373      -1.6833271247751965E-004
   13.2103691      -1.7139725590395224E-004
   13.3111620      -1.7448652588721676E-004
   13.4127235      -1.7762638088102467E-004
   13.5150614      -1.8085556140357313E-004
   13.6181812      -1.8411163795197257E-004
   13.7220850      -1.8748932604010403E-004
   13.8267803      -1.9091847501136422E-004
   13.9322758      -1.9427240673998902E-004
   14.0385790      -1.9764020420538772E-004
   14.1456928      -2.0107966152322905E-004
   14.2536221      -2.0457588885956245E-004
   14.3623734      -2.0812868408994517E-004
   14.4719543      -2.1172911331400685E-004
   14.5823755      -2.1535118332840757E-004
   14.6936398      -2.1898284751635831E-004
   14.8057489      -2.2261235571025288E-004
   14.9187126      -2.2627464848876439E-004
   15.0325422      -2.2869736595963180E-004
   15.1472397      -2.3423409344555852E-004
   15.2628098      -2.3918845998698238E-004
   15.3792620      -2.4511730889187881E-004
   15.4966021      -2.5233937693152996E-004
   15.6148415      -2.6132957569666328E-004
   15.7339821      -2.7282692604988954E-004
   15.8540287      -2.8804929513369967E-004
   15.9749928      -3.0915706984217399E-004
   16.0968819      -3.4038063391266741E-004
   16.2196999      -3.9127942244099919E-004
   16.3434525      -4.8899858639134340E-004
   16.4681492      -7.5314079108393622E-004
   16.5937958      -4.0294817432169261E-003
   16.7204075      -9.0271547023703505E-002
   16.8479843      -9.0718551858566435E-002
   16.9765301      -9.0849236144685999E-002
   17.1060562       9.0906575237809220E-002
   17.2365723       9.0870057872883075E-002
   17.3680859       9.0846069420616279E-002
   17.5006046       9.0829118132948874E-002
   17.6341305       9.0816492631755827E-002
   17.7686749       9.0806737189850370E-002
   17.9042492       9.0798961812886131E-002
   18.0408592       9.0792621465565673E-002
   18.1785069       9.0787357390478080E-002
   18.3172035       9.0782914317927080E-002
   18.4569607       9.0779119768388192E-002
   18.5977879       9.0775828859060825E-002
   18.7396889       9.0772958799773221E-002
   18.8826675       9.0770426800353632E-002
   19.0267372       9.0768184566535182E-002
   19.1719074       9.0766176904870058E-002
   19.3181877       9.0764376218634327E-002
   19.4655876       9.0762741112742115E-002
   19.6141052       9.0761264688012433E-002
   19.7637558       9.0759912448540397E-002
   19.9145527       9.0758677495145004E-002
   20.0664997       9.0757539130283338E-002
   20.2196026       9.0756490454774408E-002
   20.3738747       9.0755517670256261E-002
   20.5293217       9.0754620776728884E-002
   20.6859608       9.0753785975830323E-002
   20.8437939       9.0752999469198625E-002
   21.0028267       9.0752268156014768E-002
   21.1630745       9.0751585137097759E-002
   21.3245430       9.0750943513266638E-002
   21.4872494       9.0750343284521404E-002
   21.6511974       9.0749770652500075E-002
   21.8163910       9.0749232516383643E-002
   21.9828453       9.0748728876172122E-002
   22.1505737       9.0748245933503530E-002
   22.3195801       9.0747790587558871E-002
   22.4898758       9.0747355939157143E-002
   22.6614685       9.0746941988298344E-002
   22.8343697       9.0746555634163478E-002
   23.0085945       9.0746183078390566E-002
   23.1841507       9.0745824320979621E-002
   23.3610382       9.0745486261111605E-002
   23.5392780       9.0745161999605556E-002
   23.7188835       9.0744844637280483E-002
   23.8998585       9.0744547972498354E-002
   24.0822086       9.0744265106078179E-002
   24.2659492       9.0743989138838993E-002
   24.4510937       9.0743726969961760E-002
   24.6376553       9.0743471700265504E-002
   24.8256416       9.0743230228931215E-002
   25.0150547       9.0742995656777903E-002
   25.2059135       9.0742774882986543E-002
   25.3982277       9.0742554109195184E-002
   25.5920181       9.0742347133765791E-002
   25.7872849       9.0742140158336398E-002
   25.9840336       9.0741946981268973E-002
   26.1822853       9.0741760703382510E-002
   26.3820572       9.0741574425496060E-002
   26.5833511       9.0741401945971564E-002
   26.7861748       9.0741229466447068E-002
   26.9905491       9.0741063886103548E-002
   27.1964817       9.0740905204941019E-002
   27.4039917       9.0740753422959466E-002
   27.6130829       9.0740601640977900E-002
   27.8237629       9.0740456758177324E-002
   28.0360527       9.0740311875376747E-002
   28.2499599       9.0740180790938138E-002
   28.4655075       9.0740042807318538E-002
   28.6826973       9.0739911722879929E-002
   28.9015388       9.0739787537622282E-002
   29.1220512       9.0739670251545626E-002
   29.3442535       9.0739546066287993E-002
   29.5681496       9.0739435679392313E-002
   29.7937489       9.0739318393315657E-002
   30.0210686       9.0739208006419977E-002
   30.2501221       9.0739104518705288E-002
   30.4809284       9.0739001030990585E-002
   30.7134972       9.0738897543275895E-002
   30.9478340       9.0738800954742169E-002
   31.1839600       9.0738704366208456E-002
   31.4218941       9.0738607777674743E-002
   31.6616402       9.0738518088322007E-002
   31.9032116       9.0738428398969270E-002
   32.1466255       9.0738338709616520E-002
   32.3918991       9.0738255919444774E-002
   32.6390457       9.0738173129273014E-002
   32.8880844       9.0738090339101254E-002
   33.1390152       9.0738014448110471E-002
   33.3918533       9.0737931657938711E-002
   33.6466293       9.0737855766947942E-002
   33.9033508       9.0737786775138135E-002
   34.1620331       9.0737710884147366E-002
   34.4226837       9.0737641892337559E-002
   34.6853180       9.0737572900527766E-002
   34.9499664       9.0737503908717973E-002
   35.2166367       9.0737434916908166E-002
   35.4853287       9.0737372824279350E-002
   35.7560768       9.0737303832469557E-002
   36.0288849       9.0737241739840740E-002
   36.3037872       9.0737179647211924E-002
   36.5807800       9.0737124453764084E-002
   36.8598862       9.0737062361135268E-002
   37.1411171       9.0737007167687428E-002
   37.4244957       9.0736951974239588E-002
   37.7100449       9.0736896780791748E-002
   37.9977722       9.0736841587343908E-002
   38.2876854       9.0736786393896068E-002
   38.5798111       9.0736731200448228E-002
   38.8741760       9.0736682906181365E-002
   39.1707840       9.0736634611914516E-002
   39.4696503       9.0736586317647652E-002
   39.7707901       9.0736538023380789E-002
   40.0742340       9.0736489729113939E-002
   40.3800011       9.0736441434847076E-002
   40.6881027       9.0736393140580213E-002
   40.9985428       9.0736351745494340E-002
   41.3113480       9.0736303451227476E-002
   41.6265564       9.0736262056141603E-002
   41.9441643       9.0736220661055730E-002
   42.2641907       9.0736179265969844E-002
   42.5866547       9.0736137870883971E-002
   42.9115829       9.0736096475798084E-002
   43.2389984       9.0736055080712211E-002
   43.5689087       9.0736013685626324E-002
   43.9013290       9.0735979189721427E-002
   44.2362862       9.0735937794635554E-002
   44.5737991       9.0735903298730658E-002
   44.9138947       9.0735868802825748E-002
   45.2565880       9.0735827407739875E-002
   45.6018829       9.0735792911834978E-002
   45.9498177       9.0735758415930082E-002
   46.3004150       9.0735723920025171E-002
   46.6536865       9.0735689424120275E-002
   47.0096436       9.0735661827396355E-002
   47.3683167       9.0735627331491459E-002
   47.7297249       9.0735592835586562E-002
   48.0939026       9.0735565238862642E-002
   48.4608612       9.0735530742957746E-002
   48.8306046       9.0735503146233826E-002
   49.2031708       9.0735468650328929E-002
   49.5785751       9.0735441053605009E-002
   49.9568634       9.0735413456881089E-002
   50.3380356       9.0735378960976193E-002
   50.7220993       9.0735351364252273E-002
   51.1091003       9.0735323767528353E-002
   51.4990616       9.0735296170804433E-002
   51.8919983       9.0735268574080513E-002
   52.2879181       9.0735240977356593E-002
   52.6868668       9.0735220279813650E-002
   53.0888557       9.0735192683089730E-002
   53.4939232       9.0735165086365810E-002
   53.9020805       9.0735137489641890E-002
   54.3133392       9.0735116792098960E-002
   54.7277374       9.0735089195375040E-002
   55.1452980       9.0735068497832097E-002
   55.5660553       9.0735040901108177E-002
   55.9900246       9.0735020203565234E-002
   56.4172134       9.0734999506022304E-002
   56.8476639       9.0734971909298384E-002
   57.2814102       9.0734951211755441E-002
   57.7184677       9.0734930514212497E-002
   58.1588440       9.0734909816669554E-002
   58.6025848       9.0734882219945648E-002
   59.0497093       9.0734861522402704E-002
   59.5002556       9.0734840824859761E-002
   59.9542427       9.0734820127316818E-002
   60.4116821       9.0734799429773888E-002
   60.8726082       9.0734778732230945E-002
   61.3370667       9.0734758034688001E-002
   61.8050690       9.0734744236326048E-002
   62.2766266       9.0734723538783105E-002
   62.7517815       9.0734702841240161E-002
   63.2305603       9.0734682143697232E-002
   63.7130127       9.0734668345335265E-002
   64.1991425       9.0734647647792321E-002
   64.6889648       9.0734626950249392E-002
   65.1825256       9.0734613151887425E-002
   65.6798553       9.0734592454344495E-002
   66.1809921       9.0734571756801552E-002
   66.6859512       9.0734557958439585E-002
   67.1947479       9.0734537260896655E-002
   67.7074280       9.0734523462534689E-002
   68.2240372       9.0734509664172736E-002
   68.7445831       9.0734488966629792E-002
   69.2690887       9.0734475168267825E-002
   69.7975998       9.0734461369905872E-002
   70.3301392       9.0734440672362929E-002
   70.8667603       9.0734426874000976E-002
   71.4074707       9.0734413075639009E-002
   71.9522858       9.0734392378096079E-002
   72.5012665       9.0734378579734112E-002
   73.0544357       9.0734364781372159E-002
   73.6118393       9.0734350983010192E-002
   74.1734924       9.0734337184648239E-002
   74.7394257       9.0734323386286272E-002
   75.3096695       9.0734309587924319E-002
   75.8842850       9.0734295789562353E-002
   76.4632797       9.0734281991200399E-002
   77.0466766       9.0734268192838433E-002
   77.6345215       9.0734254394476480E-002
   78.2268524       9.0734240596114513E-002
   78.8237305       9.0734226797752560E-002
   79.4251556       9.0734212999390593E-002
   80.0311432       9.0734199201028640E-002
   80.6417618       9.0734185402666687E-002
   81.2570648       9.0734171604304720E-002
   81.8770523       9.0734164705123743E-002
   82.5017548       9.0734150906761776E-002
   83.1312256       9.0734137108399823E-002
   83.7654877       9.0734123310037856E-002
   84.4046173       9.0734109511675903E-002
   85.0486298       9.0734102612494927E-002
   85.6975327       9.0734088814132960E-002
   86.3513870       9.0734075015771007E-002
   87.0102234       9.0734068116590016E-002
   87.6741104       9.0734054318228063E-002
   88.3430634       9.0734040519866110E-002
   89.0171051       9.0734033620685120E-002
   89.6962814       9.0734019822323167E-002
   90.3806610       9.0734012923142190E-002
   91.0702667       9.0733999124780224E-002
   91.7651138       9.0733992225599247E-002
   92.4652557       9.0733978427237280E-002
   93.1707458       9.0733971528056304E-002
   93.8816376       9.0733957729694351E-002
   94.5979538       9.0733950830513360E-002
   95.3197174       9.0733937032151407E-002
   96.0469818       9.0733930132970431E-002
   96.7798004       9.0733916334608464E-002
   97.5182266       9.0733909435427487E-002
   98.2622910       9.0733902536246511E-002
   99.0120087       9.0733888737884544E-002
   99.7674408       9.0733881838703567E-002
   100.528671       9.0733868040341614E-002
   101.295700       9.0733861141160624E-002
   102.068558       9.0733854241979647E-002
   102.847321       9.0733847342798671E-002
   103.632027       9.0733833544436704E-002
   104.422737       9.0733826645255727E-002
   105.219475       9.0733819746074751E-002
   106.022278       9.0733805947712784E-002
   106.831207       9.0733799048531807E-002
   107.646324       9.0733792149350831E-002
   108.467667       9.0733785250169854E-002
   109.295242       9.0733778350988878E-002
   110.129150       9.0733764552626911E-002
   110.969406       9.0733757653445934E-002
   111.816101       9.0733750754264958E-002
   112.669258       9.0733743855083968E-002
   113.528900       9.0733736955902991E-002
   114.395096       9.0733730056722015E-002
   115.267914       9.0733723157541038E-002
   116.147400       9.0733709359179071E-002
   117.033600       9.0733702459998095E-002
   117.926544       9.0733695560817118E-002
   118.826294       9.0733688661636128E-002
   119.732941       9.0733681762455151E-002
   120.646492       9.0733674863274175E-002
   121.567001       9.0733667964093198E-002
   122.494537       9.0733661064912208E-002
   123.429138       9.0733654165731231E-002
   124.370895       9.0733647266550255E-002
   125.319839       9.0733640367369278E-002
   126.276009       9.0733633468188302E-002
   127.239471       9.0733626569007311E-002
   128.210266       9.0733619669826335E-002
   129.188507       9.0733612770645358E-002
   130.174225       9.0733605871464382E-002
   131.167419       9.0733598972283391E-002
   132.168198       9.0733592073102415E-002
   133.176636       9.0733585173921438E-002
   134.192780       9.0733578274740462E-002
   135.216644       9.0733571375559471E-002
   136.248306       9.0733571375559471E-002
   137.287842       9.0733564476378495E-002
   138.335358       9.0733557577197518E-002
   139.390839       9.0733550678016542E-002
   140.454361       9.0733543778835551E-002
   141.526001       9.0733536879654575E-002
   142.605804       9.0733529980473598E-002
   143.693893       9.0733529980473598E-002
   144.790283       9.0733523081292622E-002
   145.894989       9.0733516182111631E-002
   147.008133       9.0733509282930655E-002
   148.129807       9.0733502383749678E-002
   149.260040       9.0733495484568702E-002
   150.398865       9.0733495484568702E-002
   151.546356       9.0733488585387725E-002
   152.702637       9.0733481686206735E-002
   153.867752       9.0733474787025759E-002
   155.041748       9.0733474787025759E-002
   156.224686       9.0733467887844782E-002
   157.416656       9.0733460988663805E-002
   158.617737       9.0733454089482815E-002
   159.827988       9.0733454089482815E-002
   161.047424       9.0733447190301839E-002
   162.276184       9.0733440291120862E-002
   163.514313       9.0733433391939886E-002
   164.761932       9.0733433391939886E-002
   166.019073       9.0733426492758895E-002
   167.285751       9.0733419593577919E-002
   168.562103       9.0733419593577919E-002
   169.848190       9.0733412694396942E-002
   171.144135       9.0733405795215966E-002
   172.449951       9.0733405795215966E-002
   173.765717       9.0733398896034975E-002
   175.091492       9.0733391996853999E-002
   176.427460       9.0733391996853999E-002
   177.773590       9.0733385097673022E-002
   179.129959       9.0733378198492046E-002
   180.496674       9.0733378198492046E-002
   181.873825       9.0733371299311069E-002
   183.261520       9.0733364400130079E-002
   184.659805       9.0733364400130079E-002
   186.068726       9.0733357500949102E-002
   187.488373       9.0733357500949102E-002
   188.918869       9.0733350601768126E-002
   190.360321       9.0733343702587149E-002
   191.812775       9.0733343702587149E-002
   193.276260       9.0733336803406159E-002
   194.750916       9.0733336803406159E-002
   196.236847       9.0733329904225182E-002
   197.734131       9.0733329904225182E-002
   199.242798       9.0733323005044206E-002
