  0.100381494      -4.7571226448166340E-003
  0.101147391       3.9769223390125055E-003
  0.101919137       3.9868545788652237E-003
  0.102696769       3.9953960660235478E-003
  0.103480324       4.0028208860711364E-003
  0.104269862       4.0093331834503429E-003
  0.105065428       4.0150913718572830E-003
  0.105867065       4.1068021417329653E-003
  0.106674820       4.1610994822049675E-003
  0.107488729       4.1992891387196167E-003
  0.108308852       4.2276132086914225E-003
  0.109135240       4.2494563651294800E-003
  0.109967925       4.2599541119879561E-003
  0.110806957       4.2809397422106229E-003
  0.111652397       4.2926575734229594E-003
  0.112504289       4.3025354146102191E-003
  0.113362685       4.3109749789942498E-003
  0.114227630       4.3182688835722181E-003
  0.115099169       4.3246344241121924E-003
  0.115977362       4.3995775525946263E-003
  0.116862252       4.4415876692295714E-003
  0.117753893       4.4707504351094952E-003
  0.118652344       4.4921769336373901E-003
  0.119557641       4.3369778399773053E-003
  0.120469853       4.5215513163038238E-003
  0.121389017       4.5320559377189235E-003
  0.122315198       4.5407402960975195E-003
  0.123248443       4.5480389829757476E-003
  0.124188818       4.5542580655702561E-003
  0.125136375       4.5596214153119704E-003
  0.126091138       4.6114158193853371E-003
  0.127053186       4.6394900141685522E-003
  0.128022581       4.6589435149453854E-003
  0.128999382       4.6732180834342845E-003
  0.129983634       4.6826571485726783E-003
  0.130975395       4.6927627468098254E-003
  0.131974712       4.6997458018708865E-003
  0.132981658       4.7055150493471778E-003
  0.133996293       4.7103619106608008E-003
  0.135018677       4.7144911280416401E-003
  0.136048853       4.7440068874595133E-003
  0.137086868       4.7623296731185965E-003
  0.138132825       4.7749830418193180E-003
  0.139186770       4.7842454607418539E-003
  0.140248746       4.8011658368496595E-003
  0.141318828       4.7968964382924450E-003
  0.142397076       4.8014076419065615E-003
  0.143483534       4.8051309615528238E-003
  0.144578293       4.8082573903478719E-003
  0.145681411       4.8109181426550908E-003
  0.146792948       4.8328497716479601E-003
  0.147912949       4.8412968083761474E-003
  0.149041504       4.8474106803649336E-003
  0.150178671       4.8563284747749754E-003
  0.151324511       4.8556679195515479E-003
  0.152479112       4.8585863182852799E-003
  0.153642505       4.8609855385470246E-003
  0.154814765       4.8629923112936740E-003
  0.155995980       4.8646951090800397E-003
  0.157186210       4.8759888100380578E-003
  0.158385515       4.8799757539861599E-003
  0.159593970       4.8737184129895705E-003
  0.160811663       4.8852105794083833E-003
  0.162038624       4.8870209789506017E-003
  0.163274959       4.8884948241120149E-003
  0.164520726       4.8897170007222391E-003
  0.165775999       4.8907469886407609E-003
  0.167040855       4.8931647403160135E-003
  0.168315351       4.8943268392792200E-003
  0.169599563       4.8930036365760010E-003
  0.170893580       4.8958661421754437E-003
  0.172197476       4.8964017598045759E-003
  0.173511326       4.8968390413846102E-003
  0.174835190       4.8972024962043786E-003
  0.176169157       4.8975097589960903E-003
  0.177513301       4.8928150346094924E-003
  0.178867698       4.8913435805982095E-003
  0.180232435       4.8892662689227241E-003
  0.181607604       4.8893182764380523E-003
  0.182993233       4.8885910679047498E-003
  0.184389442       4.8879896936470405E-003
  0.185796320       4.8874830687132354E-003
  0.187213913       4.8773335330924480E-003
  0.188642323       4.8728133626653441E-003
  0.190081641       4.8682949856008384E-003
  0.191531941       4.8664926561903087E-003
  0.192993313       4.8641959564903903E-003
  0.194465816       4.8622827374925799E-003
  0.195949554       4.8606651244295970E-003
  0.197444633       4.8437175489890625E-003
  0.198951095       4.8359977207941785E-003
  0.200469062       4.8217727686704782E-003
  0.201998621       4.8247918946034392E-003
  0.203539848       4.8205963228064906E-003
  0.205092832       4.8170496493760854E-003
  0.206657663       4.7996363974477227E-003
  0.208234429       4.7865852011441130E-003
  0.209823221       4.7819380008663507E-003
  0.211424142       4.7672345198228726E-003
  0.213037282       4.7598643973345090E-003
  0.214662731       4.7535789603238921E-003
  0.216300577       4.7481552340413935E-003
  0.217950910       4.7163855167321770E-003
  0.219613865       4.7191093356240763E-003
  0.221289486       4.6878698558562000E-003
  0.222977892       4.6766490849771475E-003
  0.224679187       4.6669171039478222E-003
  0.226393446       4.6583962404593690E-003
  0.228120804       4.6202962520745967E-003
  0.229861334       4.6074438201255483E-003
  0.231615141       4.5827435381758409E-003
  0.233382344       4.5673403468255557E-003
  0.235163003       4.5536788094512502E-003
  0.236957282       4.5213331238544560E-003
  0.238765240       4.4941720495271552E-003
  0.240586981       4.4393071097930314E-003
  0.242422625       4.4479884792339641E-003
  0.244272277       4.4281924462010007E-003
  0.246136039       4.4101951558533714E-003
  0.248014003       4.3659203211514975E-003
  0.249906331       4.3414899402727195E-003
  0.251813114       4.3068807321840624E-003
  0.253734410       4.2806037856173498E-003
  0.255670339       4.2561844638079240E-003
  0.257621050       4.2124413611162202E-003
  0.259586692       4.2070624688986605E-003
  0.261567295       4.1418384690136032E-003
  0.263563037       4.1092019597822422E-003
  0.265573978       4.0781693145006152E-003
  0.267600238       4.0322206747077016E-003
  0.269641995       4.0189184076404368E-003
  0.271699369       3.9513199956762342E-003
  0.273772359       3.9126467290477810E-003
  0.275861204       3.8750910262113632E-003
  0.277966022       3.8255203917589480E-003
  0.280086875       3.7734354629447796E-003
  0.282223880       3.7354625044106666E-003
  0.284377187       3.6912471495682774E-003
  0.286546946       3.6475611355859293E-003
  0.288733244       3.5948057880540469E-003
  0.290936261       3.4731637964253944E-003
  0.293156087       3.4968266181124238E-003
  0.295392811       3.4478110293839482E-003
  0.297646612       3.3965991692610164E-003
  0.299917608       3.3515890558941499E-003
  0.302205950       3.2935654068382224E-003
  0.304511756       3.2414458063471686E-003
  0.306835145       3.1889200092277714E-003
  0.309176236       3.1974474483790817E-003
  0.311535209       3.0857747594301636E-003
  0.313912183       3.0328418690011242E-003
  0.316307276       2.9793273313029490E-003
  0.318720669       2.9308963787812721E-003
  0.321152449       2.8047141908431770E-003
  0.323602796       2.8283211193959163E-003
  0.326071858       2.7761533970084950E-003
  0.328559756       2.7310001135275913E-003
  0.331066608       2.6221764799586344E-003
  0.333592594       2.6345952170528440E-003
  0.336137831       2.5856101154885262E-003
  0.338702530       2.5450009139360271E-003
  0.341286778       2.4386975526041487E-003
  0.343890786       2.4569239450236138E-003
  0.346514612       2.4121761109366377E-003
  0.349158466       2.4111882670391585E-003
  0.351822495       2.3374940661590291E-003
  0.354506850       2.2976099808834690E-003
  0.357211679       2.2572312264247541E-003
  0.359937161       2.2292939249864839E-003
  0.362683445       2.1915993859956393E-003
  0.365450680       2.1554638768895907E-003
  0.368239045       2.1249946463573581E-003
  0.371048629       2.0619267166551956E-003
  0.373879671       2.0600380069462181E-003
  0.376732290       2.0263831666532187E-003
  0.379606724       2.0098272914933638E-003
  0.382503092       1.9690900139620235E-003
  0.385421544       1.9373764886808631E-003
  0.388362259       1.9100456426943285E-003
  0.391325414       1.8484656061605929E-003
  0.394311130       1.8499880215590227E-003
  0.397319674       1.8177681702378232E-003
  0.400351167       1.7853089050098520E-003
  0.403405815       1.7627531858330381E-003
  0.406483769       1.7304424708068965E-003
  0.409585178       1.7136036926972793E-003
  0.412710249       1.6746902649276388E-003
  0.415859163       1.6419902407709475E-003
  0.419032067       1.6344472082388043E-003
  0.422229230       1.5857859580702262E-003
  0.425450802       1.5529234851515742E-003
  0.428696960       1.5496257902284614E-003
  0.431967854       1.4975655201500094E-003
  0.435263693       1.4654351875118038E-003
  0.438584685       1.4625565416489833E-003
  0.441931009       1.4135153975034925E-003
  0.445302904       1.3836850523966343E-003
  0.448700488       1.3789650714867876E-003
  0.452124029       1.3389040411016036E-003
  0.455573678       1.3133537052806615E-003
  0.459049642       1.3066525070411809E-003
  0.462552190       1.2794198476568618E-003
  0.466081381       1.2598736898124891E-003
  0.469637454       1.2532485600365208E-003
  0.473220736       1.2390231595721711E-003
  0.476831347       1.2262993266660548E-003
  0.480469525       1.2231873942186707E-003
  0.484135449       1.2186312818161745E-003
  0.487829328       1.2125415454990139E-003
  0.491551399       1.2166491678052415E-003
  0.495301843       1.2165741454699111E-003
  0.499080956       1.2194558549938359E-003
  0.502888858       1.2255039703540449E-003
  0.506725788       1.2300034423878355E-003
  0.510592103       1.2412648628190982E-003
  0.514487863       1.2474753522178266E-003
  0.518413305       1.2511264890195382E-003
  0.522368670       1.2683491214484709E-003
  0.526354313       1.2794086391406270E-003
  0.530370355       1.2933181088940432E-003
  0.534417033       1.3040476478682517E-003
  0.538494527       1.3096142453710210E-003
  0.542603135       1.3278032760697040E-003
  0.546743155       1.3400969261227352E-003
  0.550914764       1.3508787715060385E-003
  0.555118084       1.3575366301494119E-003
  0.559353590       1.3606890627021239E-003
  0.563621402       1.3658062734273259E-003
  0.567921758       1.3670601327767738E-003
  0.572254896       1.3620503743605411E-003
  0.576621175       1.3589255894812080E-003
  0.581020653       1.3411157055250220E-003
  0.585453749       1.3329188428791916E-003
  0.589920700       1.3132734523044216E-003
  0.594421744       1.2933438137579412E-003
  0.598957121       1.2757232790026789E-003
  0.603527069       1.2431274940469699E-003
  0.608131886       1.2289210733367774E-003
  0.612771809       1.1865197794852431E-003
  0.617447138       1.1571054197775730E-003
  0.622158229       1.1133988568487946E-003
  0.626905203       1.0986646644708339E-003
  0.631688416       1.0635314956099280E-003
  0.636508107       1.0465931858761473E-003
  0.641364634       1.0203252061224222E-003
  0.646258175       1.0044681445880760E-003
  0.651188970       9.8651964864778820E-004
  0.656157434       9.7414380280903639E-004
  0.661163807       9.6330875433533916E-004
  0.666208446       9.5529802778244533E-004
  0.671291471       9.4967994582843829E-004
  0.676413357       9.4539321143278122E-004
  0.681574345       9.4242205794930415E-004
  0.686774611       9.4026195270056521E-004
  0.692014635       9.3695050866420459E-004
  0.697294593       9.3519914064082207E-004
  0.702614903       9.2845071718627287E-004
  0.707975745       9.2671003461503401E-004
  0.713377476       9.1684026355946357E-004
  0.718820453       9.0860917757739680E-004
  0.724304914       8.9448308456688589E-004
  0.729831278       8.7902347701821967E-004
  0.735399842       8.6093323070928461E-004
  0.741010845       8.3544895041068529E-004
  0.746664584       8.1435758651820589E-004
  0.752361536       7.7605106254095011E-004
  0.758101940       7.6185293613277127E-004
  0.763886213       7.1883397831326698E-004
  0.769714594       6.8286218826768574E-004
  0.775587380       6.4039932230030249E-004
  0.781504989       5.9198320238177586E-004
  0.787467837       5.6806437818394723E-004
  0.793476105       5.1231280745394280E-004
  0.799530089       4.7132561737229080E-004
  0.805630445       4.2429924138169658E-004
  0.811777353       3.7552956749940878E-004
  0.817971051       3.4951456395709949E-004
  0.824212074       3.0073487713364207E-004
  0.830500722       2.6040884006295047E-004
  0.836837351       2.3395769447309112E-004
  0.843222201       1.8686574866252429E-004
  0.849655867       1.5236238632884258E-004
  0.856138647       1.1536458738800320E-004
  0.862670898       7.5039003328176084E-005
  0.869252980       5.1431402264462554E-005
  0.875885308       1.6434329309274432E-005
  0.882568181      -2.0615539027243710E-005
  0.889301896      -4.4156309312908222E-005
  0.896087229      -7.7299251999256362E-005
  0.902924299      -1.1382420100187727E-004
  0.909813464      -1.3818467810107124E-004
  0.916755259      -1.6373288430392873E-004
  0.923749983      -2.0172454237929325E-004
  0.930798054      -2.3537488058493803E-004
  0.937899828      -2.6285246472984445E-004
  0.945055962      -3.0040325449997999E-004
  0.952266574      -3.3828561086119639E-004
  0.959532261      -3.6762162304038653E-004
  0.966853380      -3.9795145699238102E-004
  0.974230289      -4.3800550073577879E-004
  0.981663585      -4.7489732315561973E-004
  0.989153445      -5.0503982543961259E-004
  0.996700525      -5.3546900420716674E-004
   1.00430524      -5.7254262876033351E-004
   1.01196790      -6.0581634213963413E-004
   1.01968908      -6.3269638160321179E-004
   1.02746928      -6.5881543753789924E-004
   1.03530884      -6.8777712263657330E-004
   1.04320788      -7.1379358328599307E-004
   1.05116749      -7.3353858020836816E-004
   1.05918777      -7.5185650884374944E-004
   1.06726921      -7.6861921848985436E-004
   1.07541227      -7.8551934454499587E-004
   1.08361769      -7.9983374062824863E-004
   1.09188545      -8.1057501118278268E-004
   1.10021639      -8.2014215230001802E-004
   1.10861087      -8.2858403311073751E-004
   1.11706948      -8.3596588717942675E-004
   1.12559247      -8.4291120690249764E-004
   1.13418067      -8.4856650113040370E-004
   1.14283431      -8.5270759953845205E-004
   1.15155399      -8.5608188598916828E-004
   1.16034019      -8.5871566313398286E-004
   1.16919339      -8.6065301780341875E-004
   1.17811406      -8.6196075275423443E-004
   1.18710291      -8.6272659330682627E-004
   1.19616044      -8.6305246223548795E-004
   1.20528698      -8.6305126666042290E-004
   1.21448326      -8.6281080662546921E-004
   1.22374964      -8.6248777718758696E-004
   1.23308659      -8.6216527081379578E-004
   1.24249482      -8.6191868345663377E-004
   1.25197482      -8.6182258911078212E-004
   1.26152730      -8.6194812449261009E-004
   1.27115250      -8.6235977593218747E-004
   1.28085136      -8.6312285171744139E-004
   1.29062414      -8.6428935936370065E-004
   1.30047131      -8.6589621225109800E-004
   1.31039357      -8.6795334859736146E-004
   1.32039177      -8.7042609672560506E-004
   1.33046627      -8.7323300808452400E-004
   1.34061754      -8.7625168567683593E-004
   1.35084629      -8.7933858577129607E-004
   1.36115301      -8.8236473570776452E-004
   1.37153840      -8.8525937238707983E-004
   1.38200295      -8.8802929564242453E-004
   1.39254749      -8.9075169478893424E-004
   1.40317249      -8.9355509414609964E-004
   1.41387844      -8.9658640000003602E-004
   1.42466617      -9.0003062759205625E-004
   1.43553627      -9.0434650412992334E-004
   1.44648921      -9.0923946980699111E-004
   1.45752561      -9.1515853778361886E-004
   1.46864629      -9.2226974354696237E-004
   1.47985196      -9.3060731043325827E-004
   1.49114299      -9.3998958575606357E-004
   1.50252032      -9.4999169202664429E-004
   1.51398432      -9.5997960084332780E-004
   1.52553582      -9.6999732431319544E-004
   1.53717542      -9.7761156828514938E-004
   1.54890394      -9.8307639246050815E-004
   1.56072176      -9.8649304710259132E-004
   1.57262993      -9.8806440635524555E-004
   1.58462882      -9.8815482171953832E-004
   1.59671926      -9.8718722787472304E-004
   1.60890210      -9.8591087676936436E-004
   1.62117779      -9.8463235868420022E-004
   1.63354707      -9.8350702365424284E-004
   1.64601088      -9.8238243585870109E-004
   1.65856969      -9.8134221082868552E-004
   1.67122436      -9.8005487537741677E-004
   1.68397570      -9.7828430342955216E-004
   1.69682407      -9.7558499382648578E-004
   1.70977068      -9.7267586079950697E-004
   1.72281599      -9.6936531344444512E-004
   1.73596072      -9.6520090132262877E-004
   1.74920583      -9.6129025000836444E-004
   1.76255202      -9.5745402324189826E-004
   1.77600014      -9.5290142284115557E-004
   1.78955078      -9.4864099109692919E-004
   1.80320477      -9.4433213856256917E-004
   1.81696296      -9.3874020981310957E-004
   1.83082604      -9.3374606859616396E-004
   1.84479523      -9.2786458651064293E-004
   1.85887063      -9.2149157362651248E-004
   1.87305355      -9.1559611825741901E-004
   1.88734472      -9.0848969479433552E-004
   1.90174496      -9.0287153811688696E-004
   1.91625500      -8.9656988611945033E-004
   1.93087554      -8.9121841740494442E-004
   1.94560790      -8.8544453707527606E-004
   1.96045268      -8.7976249185528997E-004
   1.97541070      -8.7335107112219545E-004
   1.99048281      -8.6680163619253187E-004
   2.00567007      -8.6012255609175430E-004
   2.02097321      -8.5486038188991762E-004
   2.03639269      -8.5164166964453827E-004
   2.05193019      -8.5151598481582715E-004
   2.06758595      -8.5470712411126945E-004
   2.08336163      -8.5907769820836154E-004
   2.09925723      -8.6372415125170882E-004
   2.11527443      -8.6569729844965400E-004
   2.13141346      -8.6439636333202063E-004
   2.14767599      -8.5869810312521526E-004
   2.16406250      -8.5072309437738910E-004
   2.18057370      -8.4052155124127344E-004
   2.19721127      -8.2881537688582040E-004
   2.21397591      -8.1742976609467787E-004
   2.23086810      -8.0511511875456718E-004
   2.24788952      -7.9141106374201113E-004
   2.26504064      -7.7822783111715778E-004
   2.28232265      -7.6488909901040929E-004
   2.29973602      -7.5155582171489502E-004
   2.31728268      -7.3984718148587024E-004
   2.33496332      -7.2970556654988912E-004
   2.35277891      -7.2040586063001227E-004
   2.37073040      -7.1162301675543524E-004
   2.38881874      -7.0334859117726113E-004
   2.40704513      -6.9715625957483297E-004
   2.42541027      -6.9359785456410254E-004
   2.44391584      -6.9339752101726883E-004
   2.46256256      -6.9660098968056918E-004
   2.48135161      -7.0249480113394826E-004
   2.50028419      -7.0987568379789711E-004
   2.51936102      -7.1737836567159572E-004
   2.53858328      -7.2358138272616754E-004
   2.55795217      -7.2790532939572363E-004
   2.57746911      -7.2994796939432349E-004
   2.59713483      -7.2957584665533362E-004
   2.61695051      -7.2688311271512489E-004
   2.63691759      -7.2220512637943747E-004
   2.65703702      -7.1621895675228506E-004
   2.67730975      -7.1001706054933666E-004
   2.69773698      -7.0494490805939796E-004
   2.71832037      -7.0209189233703386E-004
   2.73906088      -7.0166858404057243E-004
   2.75995970      -7.0268564480370325E-004
   2.78101778      -7.0331354588316756E-004
   2.80223656      -7.0191076271468214E-004
   2.82361746      -6.9779155827501217E-004
   2.84516120      -6.9112420975456007E-004
   2.86686945      -6.8262897640656379E-004
   2.88874292      -6.7331253243577648E-004
   2.91078377      -6.6393242409277652E-004
   2.93299270      -6.5590084969968621E-004
   2.95537114      -6.4899662786947559E-004
   2.97792029      -6.4249307313293238E-004
   3.00064135      -6.3521687801061492E-004
   3.02353573      -6.2728640443396116E-004
   3.04660463      -6.1948142887741444E-004
   3.06984997      -6.1310352160786144E-004
   3.09327269      -6.0989818485852204E-004
   3.11687374      -6.1025532554747827E-004
   3.14065504      -6.1340633835480049E-004
   3.16461802      -6.1778965279867936E-004
   3.18876362      -6.2208838030670748E-004
   3.21309304      -6.2555905999704144E-004
   3.23760843      -6.2736546183513606E-004
   3.26231122      -6.2747851840222273E-004
   3.28720236      -6.2594646367983124E-004
   3.31228304      -6.2279526406390506E-004
   3.33755541      -6.1866178744689627E-004
   3.36302090      -6.1297921916281934E-004
   3.38867974      -6.0626083453177893E-004
   3.41453505      -5.9769696770270583E-004
   3.44058752      -5.8759727261744233E-004
   3.46683884      -5.7624046771302272E-004
   3.49329019      -5.6280971368798788E-004
   3.51994348      -5.4860489953178918E-004
   3.54680037      -5.3309085595594345E-004
   3.57386160      -5.1610221998426903E-004
   3.60112977      -4.9971279129049832E-004
   3.62860608      -4.8450148973815007E-004
   3.65629196      -4.7110305360159176E-004
   3.68418884      -4.5911378948777255E-004
   3.71229863      -4.4795597310823862E-004
   3.74062300      -4.3612377766858742E-004
   3.76916313      -4.2320805496453407E-004
   3.79792142      -4.1007716611049652E-004
   3.82689905      -3.9847041129404461E-004
   3.85609794      -3.8986522240178653E-004
   3.88551950      -3.8440648818691521E-004
   3.91516542      -3.8092261980914510E-004
   3.94503760      -3.7790140161981996E-004
   3.97513795      -3.7432835081454289E-004
   4.00546789      -3.6980803094055606E-004
   4.03602839      -3.6431753926301994E-004
   4.06682301      -3.5800800394249828E-004
   4.09785223      -3.5111345879797022E-004
   4.12911844      -3.4388594599783193E-004
   4.16062307      -3.3651926078778023E-004
   4.19236803      -3.2904007943645357E-004
   4.22435522      -3.2118630947256541E-004
   4.25658607      -3.1246268392542796E-004
   4.28906345      -3.0291881916023997E-004
   4.32178879      -2.9258443642588347E-004
   4.35476303      -2.8168706860192170E-004
   4.38798952      -2.7053110162756646E-004
   4.42146921      -2.5933646527220172E-004
   4.45520449      -2.4747733203186664E-004
   4.48919678      -2.3495213271428837E-004
   4.52344847      -2.2182963156656637E-004
   4.55796242      -2.0773490372065210E-004
   4.59273911      -1.9363735506481880E-004
   4.62778091      -1.7863690438370446E-004
   4.66308975      -1.6382711056374123E-004
   4.69866943      -1.4831178734895872E-004
   4.73451996      -1.3288251751756761E-004
   4.77064323      -1.1707676296628530E-004
   4.80704212      -1.0078238249018426E-004
   4.84371853      -8.4476466582791740E-005
   4.88067627      -6.7840670031968603E-005
   4.91791534      -5.0882170958320131E-005
   4.95543814      -3.3957271747192525E-005
   4.99324703      -1.6749027083422211E-005
   5.03134441       7.7068582778366665E-007
   5.06973362       1.8676131798272317E-005
   5.10841560       3.6673952215315094E-005
   5.14739132       5.4776929530606686E-005
   5.18666458       7.3007553164950383E-005
   5.22623920       9.1321703596317604E-005
   5.26611519       1.0967413578084121E-004
   5.30629444       1.2805882047082996E-004
   5.34677982       1.4653384580166990E-004
   5.38757515       1.6507110641890264E-004
   5.42868233       1.8351139468984537E-004
   5.47010279       2.0191467617635344E-004
   5.51183844       2.2042094524619740E-004
   5.55389214       2.3924280877148793E-004
   5.59626770       2.5872507807332316E-004
   5.63896656       2.7913380596539255E-004
   5.68199205       3.0084954025472237E-004
   5.72534466       3.2356217865882103E-004
   5.76902771       3.4806477974387020E-004
   5.81304502       3.7488612394409913E-004
   5.85739851       4.0355590191830257E-004
   5.90208912       4.3546979810801724E-004
   5.94712067       4.6965935934884992E-004
   5.99249601       5.0800092862019939E-004
   6.03821850       5.4916532534352090E-004
   6.08429003       5.9452540594895343E-004
   6.13071156       6.4296816477439774E-004
   6.17748737       6.9340006161428198E-004
   6.22462177       7.4143774466300656E-004
   6.27211571       7.7628830946791655E-004
   6.31997013       7.9240002849111384E-004
   6.36818981       7.9833919707352234E-004
   6.41677809       8.0808096687369328E-004
   6.46573830       8.2787475820340981E-004
   6.51507187       8.5468605210074831E-004
   6.56478024       8.7541926653781038E-004
   6.61486769       8.7103442026337957E-004
   6.66533756       8.3693325685391736E-004
   6.71619415       7.8990725448053090E-004
   6.76743841       7.4683090905790532E-004
   6.81907225       7.1264859599090428E-004
   6.87110043       6.8646057031965301E-004
   6.92352676       6.6700833984132670E-004
   6.97635365       6.5167195124779986E-004
   7.02958155       6.3571334055636771E-004
   7.08321571       6.1280029388199376E-004
   7.13725853       5.7925163559945753E-004
   7.19171572       5.4248105196355459E-004
   7.24658823       5.1414132743074037E-004
   7.30187798       4.9824753932486521E-004
   7.35758972       4.8863821682486688E-004
   7.41372681       4.8049732203676816E-004
   7.47029305       4.7204505466767131E-004
   7.52729130       4.6354350718886276E-004
   7.58472300       4.5551443603106490E-004
   7.64259243       4.4881506851590262E-004
   7.70090532       4.4562889832932439E-004
   7.75966358       4.4783167066319652E-004
   7.81886816       4.5501378897258452E-004
   7.87852430       4.6581864917588981E-004
   7.93863535       4.7928612977245352E-004
   7.99920654       4.9477887716745344E-004
   8.06024075       5.1170216748947981E-004
   8.12173843       5.2921495104200651E-004
   8.18370533       5.4682173668402104E-004
   8.24614525       5.6461469578069278E-004
   8.30906296       5.8273688636089661E-004
   8.37246132       6.0099085173029895E-004
   8.43634224       6.1891935914996823E-004
   8.50070953       6.3673615502449904E-004
   8.56556892       6.5426709637332581E-004
   8.63092422       6.7169559188376795E-004
   8.69677544       6.8889468642860797E-004
   8.76313019       7.0607666930532983E-004
   8.82999039       7.2294324453520901E-004
   8.89736366       7.3966635075728481E-004
   8.96525002       7.5636225764663125E-004
   9.03365326       7.7303836282396324E-004
   9.10257816       7.8960970573622210E-004
   9.17203140       8.0608629932457751E-004
   9.24201393       8.2252657732033278E-004
   9.31252766       8.3894257019757955E-004
   9.38357925       8.5528615605995068E-004
   9.45517349       8.7154717251939327E-004
   9.52731705       8.8768213053291704E-004
   9.60001087       9.0376022400741037E-004
   9.67325592       9.1980984785066777E-004
   9.74706078       9.3582711644372789E-004
   9.82142830       9.5154945161293389E-004
   9.89636612       9.6720236870492674E-004
   9.97187519       9.8267303532294454E-004
   10.0479584       9.9821087831492841E-004
   10.1246223       1.0136855799987906E-003
   10.2018738       1.0291623739390166E-003
   10.2797127       1.0443857806888982E-003
   10.3581448       1.0594644481324699E-003
   10.4371748       1.0746166434425408E-003
   10.5168085       1.0897104797447500E-003
   10.5970516       1.1046469484790251E-003
   10.6779070       1.1194108807867282E-003
   10.7593765       1.1340574225677340E-003
   10.8414688       1.1487464072635482E-003
   10.9241867       1.1634213439523484E-003
   11.0075378       1.1779605828712678E-003
   11.0915251       1.1923613592529688E-003
   11.1761513       1.2064733295330239E-003
   11.2614222       1.2204821814637205E-003
   11.3473473       1.2343835810854477E-003
   11.4339275       1.2482225119100272E-003
   11.5211658       1.2618646211895266E-003
   11.6090689       1.2753427872382339E-003
   11.6976433       1.2884464393978212E-003
   11.7868958       1.3011379170537404E-003
   11.8768301       1.3139975224531792E-003
   11.9674473       1.3274715039891588E-003
   12.0587559       1.3399767708286998E-003
   12.1507645       1.3516551480638910E-003
   12.2434750       1.3632323497592043E-003
   12.3368893       1.3746950751420410E-003
   12.4310169       1.3859342279877176E-003
   12.5258627       1.3969179761101277E-003
   12.6214352       1.4076337659710884E-003
   12.7177362       1.4183053195546431E-003
   12.8147697       1.4287287913122046E-003
   12.9125443       1.4388665206292244E-003
   13.0110636       1.4487093912458316E-003
   13.1103373       1.4582541153305977E-003
   13.2103691       1.4675416413294996E-003
   13.3111620       1.4765638991108485E-003
   13.4127235       1.4853781268308825E-003
   13.5150614       1.4940753376414271E-003
   13.6181812       1.5024782875390915E-003
   13.7220850       1.5108434273753246E-003
   13.8267803       1.5190295298455696E-003
   13.9322758       1.5267276882424002E-003
   14.0385790       1.5341282978949221E-003
   14.1456928       1.5413570436318463E-003
   14.2536221       1.5483684936007016E-003
   14.3623734       1.5551760980209697E-003
   14.4719543       1.5617934565590151E-003
   14.5823755       1.5681256704440517E-003
   14.6936398       1.5740684257516551E-003
   14.8057489       1.5795803256951995E-003
   14.9187126       1.5847374387381967E-003
   15.0325422       1.5879599618790960E-003
   15.1472397       1.5950803586257519E-003
   15.2628098       1.6013780502807857E-003
   15.3792620       1.6088254368077269E-003
   15.4966021       1.6177687866347839E-003
   15.6148415       1.6287093446079697E-003
   15.7339821       1.6423991274431870E-003
   15.8540287       1.6600222027954624E-003
   15.9749928       1.6835581440787159E-003
   16.0968819       1.7165823185249127E-003
   16.2196999       1.7662763961027918E-003
   16.3434525       1.8495189077928824E-003
   16.4681492       2.0175883670279916E-003
   16.5937958       2.5347548356287391E-003
   16.7204075      0.10444375431113385     
   16.8479843     -0.12545291584222981     
   16.9765301     -0.12499078303889423     
   17.1060562     -0.12483290017810693     
   17.2365723     -0.12475321749117296     
   17.3680859     -0.12470517450275988     
   17.5006046     -0.12467304700961246     
   17.6341305     -0.12465005370996184     
   17.7686749     -0.12463278004142232     
   17.9042492     -0.12461933221309089     
   18.0408592     -0.12460856247290512     
   18.1785069     -0.12459974391122547     
   18.3172035     -0.12459238873342543     
   18.4569607     -0.12458617174308728     
   18.5977879     -0.12458083469599700     
   18.7396889     -0.12457620542934521     
   18.8826675     -0.12457215960332516     
   19.0267372     -0.12456859200733111     
   19.1719074     -0.12456541655995840     
   19.3181877     -0.12456257587360389     
   19.4655876     -0.12456002212526499     
   19.6141052     -0.12455770749193910     
   19.7637558     -0.12455560327982465     
   19.9145527     -0.12455368079512008     
   20.0664997     -0.12455192090862437     
   20.2196026     -0.12455030449113645     
   20.3738747     -0.12454880284885476     
   20.5293217     -0.12454742554637986     
   20.6859608     -0.12454613432530963     
   20.8437939     -0.12454493875024460     
   21.0028267     -0.12454382925658426     
   21.1630745     -0.12454278671512756     
   21.3245430     -0.12454180156127397     
   21.4872494     -0.12454088335962403     
   21.6511974     -0.12454002254557721     
   21.8163910     -0.12453920955453299     
   21.9828453     -0.12453843482189085     
   22.1505737     -0.12453770791225131     
   22.3195801     -0.12453701926101386     
   22.4898758     -0.12453636886817848     
   22.6614685     -0.12453574716914467     
   22.8343697     -0.12453515416391242     
   23.0085945     -0.12453459941708224     
   23.1841507     -0.12453406379945312     
   23.3610382     -0.12453354731102502     
   23.5392780     -0.12453305951639848     
   23.7188835     -0.12453259085097300     
   23.8998585     -0.12453215087934906     
   24.0822086     -0.12453172047232565     
   24.2659492     -0.12453130919450328     
   24.4510937     -0.12453091704588196     
   24.6376553     -0.12453053446186114     
   24.8256416     -0.12453017100704138     
   25.0150547     -0.12452982668142265     
   25.2059135     -0.12452949192040444     
   25.3982277     -0.12452916672398676     
   25.5920181     -0.12452885109216959     
   25.7872849     -0.12452855458955346     
   25.9840336     -0.12452825808693734     
   26.1822853     -0.12452798071352225     
   26.3820572     -0.12452771290470768     
   26.5833511     -0.12452744509589311     
   26.7861748     -0.12452719641627959     
   26.9905491     -0.12452694773666606     
   27.1964817     -0.12452670862165306     
   27.4039917     -0.12452647907124058     
   27.6130829     -0.12452625908542861     
   27.8237629     -0.12452603909961664     
   28.0360527     -0.12452582867840520     
   28.2499599     -0.12452562782179427     
   28.4655075     -0.12452543652978387     
   28.6826973     -0.12452523567317295     
   28.9015388     -0.12452505394576306     
   29.1220512     -0.12452487221835318     
   29.3442535     -0.12452470005554381     
   29.5681496     -0.12452452789273445     
   29.7937489     -0.12452435572992508     
   30.0210686     -0.12452419313171624     
   30.2501221     -0.12452404009810791     
   30.4809284     -0.12452388706449959     
   30.7134972     -0.12452373403089127     
   30.9478340     -0.12452359056188346     
   31.1839600     -0.12452344709287566     
   31.4218941     -0.12452330362386786     
   31.6616402     -0.12452316971946058     
   31.9032116     -0.12452303581505329     
   32.1466255     -0.12452291147524654     
   32.3918991     -0.12452278713543977     
   32.6390457     -0.12452266279563301     
   32.8880844     -0.12452253845582624     
   33.1390152     -0.12452242368062000     
   33.3918533     -0.12452230890541376     
   33.6466293     -0.12452219413020751     
   33.9033508     -0.12452208891960179     
   34.1620331     -0.12452198370899607     
   34.4226837     -0.12452187849839035     
   34.6853180     -0.12452177328778462     
   34.9499664     -0.12452167764177942     
   35.2166367     -0.12452157243117370     
   35.4853287     -0.12452147678516849     
   35.7560768     -0.12452138113916329     
   36.0288849     -0.12452129505775861     
   36.3037872     -0.12452119941175341     
   36.5807800     -0.12452111333034872     
   36.8598862     -0.12452102724894405     
   37.1411171     -0.12452094116753937     
   37.4244957     -0.12452086465073520     
   37.7100449     -0.12452077856933053     
   37.9977722     -0.12452070205252636     
   38.2876854     -0.12452061597112167     
   38.5798111     -0.12452053945431751     
   38.8741760     -0.12452047250211387     
   39.1707840     -0.12452039598530971     
   39.4696503     -0.12452031946850554     
   39.7707901     -0.12452025251630190     
   40.0742340     -0.12452017599949775     
   40.3800011     -0.12452010904729410     
   40.6881027     -0.12452004209509046     
   40.9985428     -0.12451997514288682     
   41.3113480     -0.12451990819068318     
   41.6265564     -0.12451985080308006     
   41.9441643     -0.12451978385087642     
   42.2641907     -0.12451972646327329     
   42.5866547     -0.12451965951106965     
   42.9115829     -0.12451960212346654     
   43.2389984     -0.12451954473586341     
   43.5689087     -0.12451948734826029     
   43.9013290     -0.12451942996065717     
   44.2362862     -0.12451937257305405     
   44.5737991     -0.12451932475005145     
   44.9138947     -0.12451926736244832     
   45.2565880     -0.12451921953944572     
   45.6018829     -0.12451916215184260     
   45.9498177     -0.12451911432884000     
   46.3004150     -0.12451905694123688     
   46.6536865     -0.12451900911823428     
   47.0096436     -0.12451896129523168     
   47.3683167     -0.12451891347222907     
   47.7297249     -0.12451886564922647     
   48.0939026     -0.12451881782622387     
   48.4608612     -0.12451877956782180     
   48.8306046     -0.12451873174481919     
   49.2031708     -0.12451868392181659     
   49.5785751     -0.12451864566341452     
   49.9568634     -0.12451859784041192     
   50.3380356     -0.12451855958200983     
   50.7220993     -0.12451851175900723     
   51.1091003     -0.12451847350060515     
   51.4990616     -0.12451843524220306     
   51.8919983     -0.12451839698380099     
   52.2879181     -0.12451835872539890     
   52.6868668     -0.12451832046699682     
   53.0888557     -0.12451828220859475     
   53.4939232     -0.12451824395019266     
   53.9020805     -0.12451820569179058     
   54.3133392     -0.12451816743338850     
   54.7277374     -0.12451812917498642     
   55.1452980     -0.12451809091658433     
   55.5660553     -0.12451806222278278     
   55.9900246     -0.12451802396438069     
   56.4172134     -0.12451799527057913     
   56.8476639     -0.12451795701217705     
   57.2814102     -0.12451792831837549     
   57.7184677     -0.12451789005997341     
   58.1588440     -0.12451786136617185     
   58.6025848     -0.12451783267237029     
   59.0497093     -0.12451779441396821     
   59.5002556     -0.12451776572016665     
   59.9542427     -0.12451773702636509     
   60.4116821     -0.12451770833256352     
   60.8726082     -0.12451767963876197     
   61.3370667     -0.12451765094496041     
   61.8050690     -0.12451762225115885     
   62.2766266     -0.12451759355735728     
   62.7517815     -0.12451756486355572     
   63.2305603     -0.12451753616975417     
   63.7130127     -0.12451750747595261     
   64.1991425     -0.12451747878215104     
   64.6889648     -0.12451745008834948     
   65.1825256     -0.12451742139454793     
   65.6798553     -0.12451740226534688     
   66.1809921     -0.12451737357154533     
   66.6859512     -0.12451734487774375     
   67.1947479     -0.12451732574854273     
   67.7074280     -0.12451729705474116     
   68.2240372     -0.12451727792554011     
   68.7445831     -0.12451724923173856     
   69.2690887     -0.12451723010253751     
   69.7975998     -0.12451720140873596     
   70.3301392     -0.12451718227953491     
   70.8667603     -0.12451715358573336     
   71.4074707     -0.12451713445653231     
   71.9522858     -0.12451711532733127     
   72.5012665     -0.12451708663352971     
   73.0544357     -0.12451706750432867     
   73.6118393     -0.12451704837512763     
   74.1734924     -0.12451702924592660     
   74.7394257     -0.12451700055212503     
   75.3096695     -0.12451698142292399     
   75.8842850     -0.12451696229372296     
   76.4632797     -0.12451694316452191     
   77.0466766     -0.12451692403532087     
   77.6345215     -0.12451690490611983     
   78.2268524     -0.12451688577691879     
   78.8237305     -0.12451686664771774     
   79.4251556     -0.12451684751851672     
   80.0311432     -0.12451682838931567     
   80.6417618     -0.12451680926011463     
   81.2570648     -0.12451679013091359     
   81.8770523     -0.12451677100171255     
   82.5017548     -0.12451675187251150     
   83.1312256     -0.12451673274331046     
   83.7654877     -0.12451671361410943     
   84.4046173     -0.12451669448490839     
   85.0486298     -0.12451668492030786     
   85.6975327     -0.12451666579110683     
   86.3513870     -0.12451664666190579     
   87.0102234     -0.12451662753270475     
   87.6741104     -0.12451661796810422     
   88.3430634     -0.12451659883890319     
   89.0171051     -0.12451657970970215     
   89.6962814     -0.12451657014510162     
   90.3806610     -0.12451655101590058     
   91.0702667     -0.12451653188669955     
   91.7651138     -0.12451652232209902     
   92.4652557     -0.12451650319289798     
   93.1707458     -0.12451648406369695     
   93.8816376     -0.12451647449909642     
   94.5979538     -0.12451645536989538     
   95.3197174     -0.12451644580529486     
   96.0469818     -0.12451642667609382     
   96.7798004     -0.12451641711149330     
   97.5182266     -0.12451639798229226     
   98.2622910     -0.12451638841769173     
   99.0120087     -0.12451636928849069     
   99.7674408     -0.12451635972389018     
   100.528671     -0.12451635015928966     
   101.295700     -0.12451633103008862     
   102.068558     -0.12451632146548809     
   102.847321     -0.12451630233628706     
   103.632027     -0.12451629277168653     
   104.422737     -0.12451628320708602     
   105.219475     -0.12451626407788498     
   106.022278     -0.12451625451328445     
   106.831207     -0.12451624494868394     
   107.646324     -0.12451622581948289     
   108.467667     -0.12451621625488238     
   109.295242     -0.12451620669028185     
   110.129150     -0.12451619712568134     
   110.969406     -0.12451617799648029     
   111.816101     -0.12451616843187978     
   112.669258     -0.12451615886727925     
   113.528900     -0.12451614930267874     
   114.395096     -0.12451613973807821     
   115.267914     -0.12451612060887718     
   116.147400     -0.12451611104427665     
   117.033600     -0.12451610147967614     
   117.926544     -0.12451609191507561     
   118.826294     -0.12451608235047509     
   119.732941     -0.12451607278587457     
   120.646492     -0.12451606322127405     
   121.567001     -0.12451604409207301     
   122.494537     -0.12451603452747249     
   123.429138     -0.12451602496287197     
   124.370895     -0.12451601539827145     
   125.319839     -0.12451600583367092     
   126.276009     -0.12451599626907041     
   127.239471     -0.12451598670446989     
   128.210266     -0.12451597713986937     
   129.188507     -0.12451596757526885     
   130.174225     -0.12451595801066832     
   131.167419     -0.12451594844606781     
   132.168198     -0.12451593888146729     
   133.176636     -0.12451592931686677     
   134.192780     -0.12451591975226625     
   135.216644     -0.12451591018766572     
   136.248306     -0.12451590062306521     
   137.287842     -0.12451589105846468     
   138.335358     -0.12451588149386417     
   139.390839     -0.12451587192926365     
   140.454361     -0.12451587192926365     
   141.526001     -0.12451586236466312     
   142.605804     -0.12451585280006261     
   143.693893     -0.12451584323546208     
   144.790283     -0.12451583367086157     
   145.894989     -0.12451582410626104     
   147.008133     -0.12451581454166052     
   148.129807     -0.12451580497706001     
   149.260040     -0.12451580497706001     
   150.398865     -0.12451579541245948     
   151.546356     -0.12451578584785897     
   152.702637     -0.12451577628325844     
   153.867752     -0.12451576671865792     
   155.041748     -0.12451575715405741     
   156.224686     -0.12451575715405741     
   157.416656     -0.12451574758945688     
   158.617737     -0.12451573802485637     
   159.827988     -0.12451572846025584     
   161.047424     -0.12451572846025584     
   162.276184     -0.12451571889565533     
   163.514313     -0.12451570933105480     
   164.761932     -0.12451569976645428     
   166.019073     -0.12451569976645428     
   167.285751     -0.12451569020185377     
   168.562103     -0.12451568063725324     
   169.848190     -0.12451567107265273     
   171.144135     -0.12451567107265273     
   172.449951     -0.12451566150805220     
   173.765717     -0.12451565194345168     
   175.091492     -0.12451565194345168     
   176.427460     -0.12451564237885115     
   177.773590     -0.12451563281425064     
   179.129959     -0.12451563281425064     
   180.496674     -0.12451562324965013     
   181.873825     -0.12451561368504960     
   183.261520     -0.12451561368504960     
   184.659805     -0.12451560412044908     
   186.068726     -0.12451559455584855     
   187.488373     -0.12451559455584855     
   188.918869     -0.12451558499124804     
   190.360321     -0.12451557542664753     
   191.812775     -0.12451557542664753     
   193.276260     -0.12451556586204700     
   194.750916     -0.12451556586204700     
   196.236847     -0.12451555629744648     
   197.734131     -0.12451554673284596     
   199.242798     -0.12451554673284596     
