  0.100381494       581.354126    
  0.101147391       597.960205    
  0.101919137       590.798279    
  0.102696769       584.067383    
  0.103480324       577.557739    
  0.104269862       570.607788    
  0.105065428       563.690247    
  0.105867065       557.219360    
  0.106674820       550.617126    
  0.107488729       544.428040    
  0.108308852       538.026062    
  0.109135240       532.165222    
  0.109967925       525.774475    
  0.110806957       519.384460    
  0.111652397       513.115723    
  0.112504289       507.195099    
  0.113362685       501.124146    
  0.114227630       495.337158    
  0.115099169       489.518677    
  0.115977362       483.658295    
  0.116862252       477.981720    
  0.117753893       472.194000    
  0.118652344       466.734314    
  0.119557641       461.242279    
  0.120469853       455.659058    
  0.121389017       450.029694    
  0.122315198       444.905670    
  0.123248443       439.420227    
  0.124188818       433.907349    
  0.125136375       428.749939    
  0.126091138       423.298431    
  0.127053186       418.283997    
  0.128022581       412.930115    
  0.128999382       407.910187    
  0.129983634       402.754272    
  0.130975395       397.990875    
  0.131974712       392.950928    
  0.132981658       387.944458    
  0.133996293       383.015045    
  0.135018677       378.302490    
  0.136048853       373.401031    
  0.137086868       368.975494    
  0.138132825       364.261658    
  0.139186770       359.739288    
  0.140248746       355.233368    
  0.141318828       351.058685    
  0.142397076       346.598419    
  0.143483534       342.372620    
  0.144578293       337.996063    
  0.145681411       333.963593    
  0.146792948       329.636902    
  0.147912949       325.387268    
  0.149041504       321.521606    
  0.150178671       317.542084    
  0.151324511       313.418030    
  0.152479112       309.505829    
  0.153642505       305.710938    
  0.154814765       301.810120    
  0.155995980       298.305054    
  0.157186210       294.570282    
  0.158385515       290.690887    
  0.159593970       286.911438    
  0.160811663       283.333130    
  0.162038624       279.791931    
  0.163274959       276.077576    
  0.164520726       272.673187    
  0.165775999       269.080414    
  0.167040855       265.693298    
  0.168315351       262.276794    
  0.169599563       258.642303    
  0.170893580       255.335800    
  0.172197476       252.107285    
  0.173511326       248.638428    
  0.174835190       245.323044    
  0.176169157       242.007797    
  0.177513301       238.757126    
  0.178867698       235.533264    
  0.180232435       232.284348    
  0.181607604       229.371658    
  0.182993233       226.299591    
  0.184389442       223.155991    
  0.185796320       220.166931    
  0.187213913       217.217026    
  0.188642323       214.219360    
  0.190081641       211.489731    
  0.191531941       208.602783    
  0.192993313       205.873199    
  0.194465816       203.146072    
  0.195949554       200.378128    
  0.197444633       197.754807    
  0.198951095       194.961243    
  0.200469062       192.188721    
  0.201998621       189.633652    
  0.203539848       186.973663    
  0.205092832       184.627747    
  0.206657663       182.200058    
  0.208234429       179.526611    
  0.209823221       177.030014    
  0.211424142       174.709915    
  0.213037282       172.406662    
  0.214662731       170.014893    
  0.216300577       167.393723    
  0.217950910       165.077957    
  0.219613865       163.068542    
  0.221289486       160.869629    
  0.222977892       158.326553    
  0.224679187       156.357269    
  0.226393446       154.190918    
  0.228120804       152.057297    
  0.229861334       149.906342    
  0.231615141       147.986359    
  0.233382344       145.953293    
  0.235163003       143.893387    
  0.236957282       141.687759    
  0.238765240       139.927261    
  0.240586981       137.998962    
  0.242422625       136.163177    
  0.244272277       134.430664    
  0.246136039       132.522827    
  0.248014003       130.606049    
  0.249906331       128.686264    
  0.251813114       127.128349    
  0.253734410       125.325996    
  0.255670339       123.517242    
  0.257621050       121.795494    
  0.259586692       120.414665    
  0.261567295       118.589661    
  0.263563037       116.843468    
  0.265573978       115.442665    
  0.267600238       113.706245    
  0.269641995       112.112762    
  0.271699369       110.454773    
  0.273772359       109.038765    
  0.275861204       107.693771    
  0.277966022       106.020813    
  0.280086875       104.699257    
  0.282223880       103.028931    
  0.284377187       101.448471    
  0.286546946       100.419861    
  0.288733244       98.8455429    
  0.290936261       97.5897064    
  0.293156087       96.1900253    
  0.295392811       94.8038712    
  0.297646612       93.5599060    
  0.299917608       92.2851181    
  0.302205950       90.5649414    
  0.304511756       89.7817078    
  0.306835145       88.5908966    
  0.309176236       87.1555099    
  0.311535209       85.9335632    
  0.313912183       84.6138687    
  0.316307276       83.5289688    
  0.318720669       82.3968277    
  0.321152449       81.1940613    
  0.323602796       80.1659393    
  0.326071858       78.7255249    
  0.328559756       77.9013443    
  0.331066608       76.5475540    
  0.333592594       75.6702805    
  0.336137831       74.5386810    
  0.338702530       73.5952072    
  0.341286778       72.4123383    
  0.343890786       71.4512863    
  0.346514612       70.3830795    
  0.349158466       69.5244522    
  0.351822495       68.7519531    
  0.354506850       67.5018539    
  0.357211679       66.4550629    
  0.359937161       65.7342224    
  0.362683445       64.6607513    
  0.365450680       63.8752670    
  0.368239045       62.8712692    
  0.371048629       61.7860909    
  0.373879671       60.9980392    
  0.376732290       60.0673676    
  0.379606724       59.4466667    
  0.382503092       58.4324074    
  0.385421544       57.5695877    
  0.388362259       56.8472557    
  0.391325414       55.9590607    
  0.394311130       55.2820168    
  0.397319674       54.2537384    
  0.400351167       53.6935730    
  0.403405815       52.8992348    
  0.406483769       52.1698112    
  0.409585178       51.2729683    
  0.412710249       50.4645386    
  0.415859163       49.7645760    
  0.419032067       48.9371262    
  0.422229230       48.0425262    
  0.425450802       47.4667664    
  0.428696960       46.7621193    
  0.431967854       45.9104500    
  0.435263693       45.2660713    
  0.438584685       44.7047958    
  0.441931009       43.7971878    
  0.445302904       43.1696358    
  0.448700488       42.6957436    
  0.452124029       41.8199997    
  0.455573678       41.2348480    
  0.459049642       40.6577301    
  0.462552190       40.0768318    
  0.466081381       39.3774490    
  0.469637454       38.8546944    
  0.473220736       38.2607155    
  0.476831347       37.5470314    
  0.480469525       37.2288399    
  0.484135449       36.3187637    
  0.487829328       35.8455544    
  0.491551399       35.4383926    
  0.495301843       34.6292000    
  0.499080956       34.2309189    
  0.502888858       33.5542946    
  0.506725788       33.0628929    
  0.510592103       32.5352058    
  0.514487863       32.0701294    
  0.518413305       31.5211945    
  0.522368670       31.0120926    
  0.526354313       30.5460510    
  0.530370355       30.0566196    
  0.534417033       29.6058521    
  0.538494527       29.0826664    
  0.542603135       28.5994205    
  0.546743155       28.2679138    
  0.550914764       27.6170845    
  0.555118084       27.2069244    
  0.559353590       26.7405739    
  0.563621402       26.1426334    
  0.567921758       25.6900597    
  0.572254896       25.2070255    
  0.576621175       24.6827908    
  0.581020653       24.1914043    
  0.585453749       23.7342491    
  0.589920700       23.3571472    
  0.594421744       22.9196587    
  0.598957121       22.4518032    
  0.603527069       22.0581112    
  0.608131886       21.6442146    
  0.612771809       21.3127651    
  0.617447138       20.9441242    
  0.622158229       20.6279602    
  0.626905203       20.2487354    
  0.631688416       19.9508743    
  0.636508107       19.5712471    
  0.641364634       19.2715530    
  0.646258175       18.9439983    
  0.651188970       18.6390705    
  0.656157434       18.3267097    
  0.661163807       18.0247021    
  0.666208446       17.7318916    
  0.671291471       17.4533672    
  0.676413357       17.1614819    
  0.681574345       16.8899422    
  0.686774611       16.6294556    
  0.692014635       16.3765144    
  0.697294593       16.1111927    
  0.702614903       15.8599644    
  0.707975745       15.5984154    
  0.713377476       15.3565617    
  0.718820453       15.1089725    
  0.724304914       14.8661489    
  0.729831278       14.6174145    
  0.735399842       14.3704872    
  0.741010845       14.1297340    
  0.746664584       13.8765001    
  0.752361536       13.6487551    
  0.758101940       13.4074364    
  0.763886213       13.1714334    
  0.769714594       12.9553995    
  0.775587380       12.7412472    
  0.781504989       12.5243225    
  0.787467837       12.3117018    
  0.793476105       12.1205349    
  0.799530089       11.9095173    
  0.805630445       11.7186947    
  0.811777353       11.5330172    
  0.817971051       11.3392906    
  0.824212074       11.1627903    
  0.830500722       10.9823055    
  0.836837351       10.7947435    
  0.843222201       10.6258926    
  0.849655867       10.4579735    
  0.856138647       10.2930651    
  0.862670898       10.1147137    
  0.869252980       9.95315647    
  0.875885308       9.80288219    
  0.882568181       9.64891052    
  0.889301896       9.49429798    
  0.896087229       9.34658909    
  0.902924299       9.21300602    
  0.909813464       9.06889153    
  0.916755259       8.93196964    
  0.923749983       8.79800129    
  0.930798054       8.66601276    
  0.937899828       8.54052639    
  0.945055962       8.40960979    
  0.952266574       8.28303432    
  0.959532261       8.16258335    
  0.966853380       8.03865910    
  0.974230289       7.91755819    
  0.981663585       7.80055141    
  0.989153445       7.69254017    
  0.996700525       7.56994247    
   1.00430524       7.45312595    
   1.01196790       7.35018921    
   1.01968908       7.23119020    
   1.02746928       7.12456703    
   1.03530884       7.02759409    
   1.04320788       6.91695452    
   1.05116749       6.80788660    
   1.05918777       6.70984745    
   1.06726921       6.60388279    
   1.07541227       6.51130915    
   1.08361769       6.41286564    
   1.09188545       6.30667591    
   1.10021639       6.21353865    
   1.10861087       6.12254429    
   1.11706948       6.02899265    
   1.12559247       5.93437338    
   1.13418067       5.83811569    
   1.14283431       5.75399828    
   1.15155399       5.66582012    
   1.16034019       5.57739973    
   1.16919339       5.48940659    
   1.17811406       5.40289307    
   1.18710291       5.31780577    
   1.19616044       5.23568201    
   1.20528698       5.15644026    
   1.21448326       5.07516718    
   1.22374964       4.99414158    
   1.23308659       4.91781998    
   1.24249482       4.84097147    
   1.25197482       4.76386642    
   1.26152730       4.68859053    
   1.27115250       4.61769485    
   1.28085136       4.54701471    
   1.29062414       4.47311115    
   1.30047131       4.40415812    
   1.31039357       4.34045553    
   1.32039177       4.27159452    
   1.33046627       4.20522404    
   1.34061754       4.14094639    
   1.35084629       4.07870770    
   1.36115301       4.01721573    
   1.37153840       3.95284510    
   1.38200295       3.89565420    
   1.39254749       3.83585191    
   1.40317249       3.77714467    
   1.41387844       3.72637081    
   1.42466617       3.66546941    
   1.43553627       3.60954309    
   1.44648921       3.55757332    
   1.45752561       3.50403094    
   1.46864629       3.45306087    
   1.47985196       3.39626718    
   1.49114299       3.34674716    
   1.50252032       3.29854584    
   1.51398432       3.24779105    
   1.52553582       3.19715762    
   1.53717542       3.14996457    
   1.54890394       3.10292935    
   1.56072176       3.05628824    
   1.57262993       3.00787139    
   1.58462882       2.96284652    
   1.59671926       2.91766858    
   1.60890210       2.87451315    
   1.62117779       2.82766223    
   1.63354707       2.78631496    
   1.64601088       2.74377513    
   1.65856969       2.70237875    
   1.67122436       2.66175365    
   1.68397570       2.62175798    
   1.69682407       2.58080459    
   1.70977068       2.54283476    
   1.72281599       2.50533175    
   1.73596072       2.46655917    
   1.74920583       2.43036056    
   1.76255202       2.39432025    
   1.77600014       2.35780668    
   1.78955078       2.32254457    
   1.80320477       2.28990960    
   1.81696296       2.25374556    
   1.83082604       2.21901679    
   1.84479523       2.18578386    
   1.85887063       2.15194416    
   1.87305355       2.12100697    
   1.88734472       2.08877206    
   1.90174496       2.05733752    
   1.91625500       2.02579665    
   1.93087554       1.99711001    
   1.94560790       1.96649647    
   1.96045268       1.93763638    
   1.97541070       1.90821838    
   1.99048281       1.88018417    
   2.00567007       1.85059369    
   2.02097321       1.82302415    
   2.03639269       1.79608727    
   2.05193019       1.76855791    
   2.06758595       1.74212527    
   2.08336163       1.71636093    
   2.09925723       1.69055784    
   2.11527443       1.66487658    
   2.13141346       1.63958597    
   2.14767599       1.61519182    
   2.16406250       1.59140730    
   2.18057370       1.56749201    
   2.19721127       1.54364741    
   2.21397591       1.52070212    
   2.23086810       1.49839079    
   2.24788952       1.47583878    
   2.26504064       1.45446336    
   2.28232265       1.43329823    
   2.29973602       1.41181982    
   2.31728268       1.39060807    
   2.33496332       1.37079096    
   2.35277891       1.35018456    
   2.37073040       1.33007693    
   2.38881874       1.31062496    
   2.40704513       1.29133570    
   2.42541027       1.27240777    
   2.44391584       1.25344849    
   2.46256256       1.23536658    
   2.48135161       1.21753645    
   2.50028419       1.19950712    
   2.51936102       1.18135381    
   2.53858328       1.16399360    
   2.55795217       1.14775133    
   2.57746911       1.13040066    
   2.59713483       1.11411500    
   2.61695051       1.09801412    
   2.63691759       1.08210683    
   2.65703702       1.06675959    
   2.67730975       1.05114782    
   2.69773698       1.03517783    
   2.71832037       1.02012384    
   2.73906088       1.00589335    
   2.75995970      0.991093338    
   2.78101778      0.976789474    
   2.80223656      0.962711513    
   2.82361746      0.949204624    
   2.84516120      0.935185969    
   2.86686945      0.921098173    
   2.88874292      0.907956421    
   2.91078377      0.895085692    
   2.93299270      0.882563949    
   2.95537114      0.869476140    
   2.97792029      0.857228220    
   3.00064135      0.845085979    
   3.02353573      0.832471788    
   3.04660463      0.820424974    
   3.06984997      0.808756411    
   3.09327269      0.797506869    
   3.11687374      0.785806477    
   3.14065504      0.774454713    
   3.16461802      0.763223648    
   3.18876362      0.752224445    
   3.21309304      0.741337717    
   3.23760843      0.730679035    
   3.26231122      0.720807850    
   3.28720236      0.710235357    
   3.31228304      0.699775577    
   3.33755541      0.690072834    
   3.36302090      0.679857314    
   3.38867974      0.670394301    
   3.41453505      0.660678446    
   3.44058752      0.651619613    
   3.46683884      0.641784191    
   3.49329019      0.632697701    
   3.51994348      0.623795271    
   3.54680037      0.614961863    
   3.57386160      0.606371045    
   3.60112977      0.597623467    
   3.62860608      0.588672161    
   3.65629196      0.580625534    
   3.68418884      0.572424829    
   3.71229863      0.564214230    
   3.74062300      0.556214392    
   3.76916313      0.548159361    
   3.79792142      0.540606737    
   3.82689905      0.532755494    
   3.85609794      0.525513470    
   3.88551950      0.517498016    
   3.91516542      0.510275185    
   3.94503760      0.503435373    
   3.97513795      0.496093124    
   4.00546789      0.488732815    
   4.03602839      0.482017577    
   4.06682301      0.475207180    
   4.09785223      0.468602329    
   4.12911844      0.461599320    
   4.16062307      0.455224723    
   4.19236803      0.448960066    
   4.22435522      0.442394018    
   4.25658607      0.435965538    
   4.28906345      0.429967612    
   4.32178879      0.423776954    
   4.35476303      0.417708129    
   4.38798952      0.411764890    
   4.42146921      0.406101346    
   4.45520449      0.400156677    
   4.48919678      0.394226819    
   4.52344847      0.389139444    
   4.55796242      0.383346319    
   4.59273911      0.377762884    
   4.62778091      0.372783333    
   4.66308975      0.367076546    
   4.69866943      0.361965567    
   4.73451996      0.356910467    
   4.77064323      0.351697862    
   4.80704212      0.346806765    
   4.84371853      0.341716856    
   4.88067627      0.336879015    
   4.91791534      0.332120776    
   4.95543814      0.327266604    
   4.99324703      0.322643280    
   5.03134441      0.318012863    
   5.06973362      0.313594878    
   5.10841560      0.308909446    
   5.14739132      0.304521590    
   5.18666458      0.300290853    
   5.22623920      0.295980334    
   5.26611519      0.291493595    
   5.30629444      0.287552625    
   5.34677982      0.283536613    
   5.38757515      0.279369533    
   5.42868233      0.275471926    
   5.47010279      0.271594703    
   5.51183844      0.267581850    
   5.55389214      0.263940811    
   5.59626770      0.260228783    
   5.63896656      0.256537467    
   5.68199205      0.252860904    
   5.72534466      0.249353647    
   5.76902771      0.245902911    
   5.81304502      0.242388636    
   5.85739851      0.238952652    
   5.90208912      0.235685319    
   5.94712067      0.232378438    
   5.99249601      0.229026929    
   6.03821850      0.225851223    
   6.08429003      0.222702265    
   6.13071156      0.219473362    
   6.17748737      0.216499940    
   6.22462177      0.213332310    
   6.27211571      0.210379496    
   6.31997013      0.207344502    
   6.36818981      0.204373375    
   6.41677809      0.201487333    
   6.46573830      0.198527128    
   6.51507187      0.195750445    
   6.56478024      0.192889303    
   6.61486769      0.189946994    
   6.66533756      0.186973691    
   6.71619415      0.183288082    
   6.76743841      0.179012313    
   6.81907225      0.176487565    
   6.87110043      0.173985973    
   6.92352676      0.171541646    
   6.97635365      0.169116527    
   7.02958155      0.166727364    
   7.08321571      0.164376363    
   7.13725853      0.162048221    
   7.19171572      0.159766257    
   7.24658823      0.157501668    
   7.30187798      0.155261293    
   7.35758972      0.153047487    
   7.41372681      0.150806040    
   7.47029305      0.148556679    
   7.52729130      0.146523371    
   7.58472300      0.144522935    
   7.64259243      0.142566815    
   7.70090532      0.140625522    
   7.75966358      0.138723403    
   7.81886816      0.136839598    
   7.87852430      0.134990290    
   7.93863535      0.133162186    
   7.99920654      0.131363660    
   8.06024075      0.129589364    
   8.12173843      0.127840370    
   8.18370533      0.126119509    
   8.24614525      0.124418333    
   8.30906296      0.122749224    
   8.37246132      0.121094234    
   8.43634224      0.119474664    
   8.50070953      0.117865413    
   8.56556892      0.116293900    
   8.63092422      0.114730068    
   8.69677544      0.113200530    
   8.76313019      0.111681908    
   8.82999039      0.110192858    
   8.89736366      0.108719006    
   8.96525002      0.107269339    
   9.03365326      0.105838440    
   9.10257816      0.104427516    
   9.17203140      0.103037670    
   9.24201393      0.101664096    
   9.31252766      0.100314587    
   9.38357925       9.89770889E-02
   9.45517349       9.76669565E-02
   9.52731705       9.63646322E-02
   9.60001087       9.50920954E-02
   9.67325592       9.38243717E-02
   9.74706078       9.25860479E-02
   9.82142830       9.13540497E-02
   9.89636612       9.01479274E-02
   9.97187519       8.89511034E-02
   10.0479584       8.77759159E-02
   10.1246223       8.66129175E-02
   10.2018738       8.54677856E-02
   10.2797127       8.43381062E-02
   10.3581448       8.32227170E-02
   10.4371748       8.21251720E-02
   10.5168085       8.10377896E-02
   10.5970516       7.99707547E-02
   10.6779070       7.89110437E-02
   10.7593765       7.78743103E-02
   10.8414688       7.68412352E-02
   10.9241867       7.58333579E-02
   11.0075378       7.48272389E-02
   11.0915251       7.38438889E-02
   11.1761513       7.28658810E-02
   11.2614222       7.19062835E-02
   11.3473473       7.09553584E-02
   11.4339275       7.00189620E-02
   11.5211658       6.90931603E-02
   11.6090689       6.81790113E-02
   11.6976433       6.72776997E-02
   11.7868958       6.63853586E-02
   11.8768301       6.55077472E-02
   11.9674473       6.46362081E-02
   12.0587559       6.37815818E-02
   12.1507645       6.29296601E-02
   12.2434750       6.20966926E-02
   12.3368893       6.12660646E-02
   12.4310169       6.04528412E-02
   12.5258627       5.96432164E-02
   12.6214352       5.88482916E-02
   12.7177362       5.80593236E-02
   12.8147697       5.72827943E-02
   12.9125443       5.65143488E-02
   13.0110636       5.57559431E-02
   13.1103373       5.50070778E-02
   13.2103691       5.42662814E-02
   13.3111620       5.35361655E-02
   13.4127235       5.28119765E-02
   13.5150614       5.21003455E-02
   13.6181812       5.13929352E-02
   13.7220850       5.06992936E-02
   13.8267803       5.00083603E-02
   13.9322758       4.93306555E-02
   14.0385790       4.86562848E-02
   14.1456928       4.79942746E-02
   14.2536221       4.73365225E-02
   14.3623734       4.66898382E-02
   14.4719543       4.60483134E-02
   14.5823755       4.54158038E-02
   14.6936398       4.47898842E-02
   14.8057489       4.41715531E-02
   14.9187126       4.35613878E-02
   15.0325422       4.29572202E-02
   15.1472397       4.23613675E-02
   15.2628098       4.17703465E-02
   15.3792620       4.11889367E-02
   15.4966021       4.06113379E-02
   15.6148415       4.00436446E-02
   15.7339821       3.94797511E-02
   15.8540287       3.89248691E-02
   15.9749928       3.83740030E-02
   16.0968819       3.78313139E-02
   16.2196999       3.72938067E-02
   16.3434525       3.67635973E-02
   16.4681492       3.62391397E-02
   16.5937958       3.57207395E-02
   16.7204075       3.52080278E-02
   16.8479843       3.47012505E-02
   16.9765301       3.42006460E-02
   17.1060562       3.37055586E-02
   17.2365723       3.32169123E-02
   17.3680859       3.27324905E-02
   17.5006046       3.22550088E-02
   17.6341305       3.17818895E-02
   17.7686749       3.13152857E-02
   17.9042492       3.08535285E-02
   18.0408592       3.03976517E-02
   18.1785069       2.99466848E-02
   18.3172035       2.95009669E-02
   18.4569607       2.90602595E-02
   18.5977879       2.86248103E-02
   18.7396889       2.81945076E-02
   18.8826675       2.77692340E-02
   19.0267372       2.73488015E-02
   19.1719074       2.69332286E-02
   19.3181877       2.65222359E-02
   19.4655876       2.61163805E-02
   19.6141052       2.57150922E-02
   19.7637558       2.53191385E-02
   19.9145527       2.49272622E-02
   20.0664997       2.45403498E-02
   20.2196026       2.41573751E-02
   20.3738747       2.37799678E-02
   20.5293217       2.34063510E-02
   20.6859608       2.30380930E-02
   20.8437939       2.26735976E-02
   21.0028267       2.23139822E-02
   21.1630745       2.19585355E-02
   21.3245430       2.16074139E-02
   21.4872494       2.12609358E-02
   21.6511974       2.09184494E-02
   21.8163910       2.05810480E-02
   21.9828453       2.02463027E-02
   22.1505737       1.99174136E-02
   22.3195801       1.95911918E-02
   22.4898758       1.92711763E-02
   22.6614685       1.89532805E-02
   22.8343697       1.86416563E-02
   23.0085945       1.83321964E-02
   23.1841507       1.80280358E-02
   23.3610382       1.77269205E-02
   23.5392780       1.74305141E-02
   23.7188835       1.71377100E-02
   23.8998585       1.68490894E-02
   24.0822086       1.65640488E-02
   24.2659492       1.62826870E-02
   24.4510937       1.60058066E-02
   24.6376553       1.57318134E-02
   24.8256416       1.54629685E-02
   25.0150547       1.51962256E-02
   25.2059135       1.49358539E-02
   25.3982277       1.46770496E-02
   25.5920181       1.44244414E-02
   25.7872849       1.41732935E-02
   25.9840336       1.39276395E-02
   26.1822853       1.36836842E-02
   26.3820572       1.34436740E-02
   26.5833511       1.32058188E-02
   26.7861748       1.29722189E-02
   26.9905491       1.27417687E-02
   27.1964817       1.25148771E-02
   27.4039917       1.22919409E-02
   27.6130829       1.20716495E-02
   27.8237629       1.18557373E-02
   28.0360527       1.16419280E-02
   28.2499599       1.14333313E-02
   28.4655075       1.12259919E-02
   28.6826973       1.10242730E-02
   28.9015388       1.08233010E-02
   29.1220512       1.06276451E-02
   29.3442535       1.04332566E-02
   29.5681496       1.02436254E-02
   29.7937489       1.00559136E-02
   30.0210686       9.87210032E-03
   30.2501221       9.69066005E-03
   30.4809284       9.51216370E-03
   30.7134972       9.33681428E-03
   30.9478340       9.16388445E-03
   31.1839600       8.99465941E-03
   31.4218941       8.82713124E-03
   31.6616402       8.66361428E-03
   31.9032116       8.50096997E-03
   32.1466255       8.34311079E-03
   32.3918991       8.18555616E-03
   32.6390457       8.03298503E-03
   32.8880844       7.88100064E-03
   33.1390152       7.73310289E-03
   33.3918533       7.58621655E-03
   33.6466293       7.44288554E-03
   33.9033508       7.30123976E-03
   34.1620331       7.16247689E-03
   34.4226837       7.02597061E-03
   34.6853180       6.89152302E-03
   34.9499664       6.75966544E-03
   35.2166367       6.62935991E-03
   35.4853287       6.50232611E-03
   35.7560768       6.37623994E-03
   36.0288849       6.25388138E-03
   36.3037872       6.13173889E-03
   36.5807800       6.01346558E-03
   36.8598862       5.89539763E-03
   37.1411171       5.78110898E-03
   37.4244957       5.66742197E-03
   37.7100449       5.55690331E-03
   37.9977722       5.44731272E-03
   38.2876854       5.34018315E-03
   38.5798111       5.23451203E-03
   38.8741760       5.13088331E-03
   39.1707840       5.02924202E-03
   39.4696503       4.92901169E-03
   39.7707901       4.83114179E-03
   40.0742340       4.73401370E-03
   40.3800011       4.63969680E-03
   40.6881027       4.54575149E-03
   40.9985428       4.45504952E-03
   41.3113480       4.36427118E-03
   41.6265564       4.27677529E-03
   41.9441643       4.18925704E-03
   42.2641907       4.10453510E-03
   42.5866547       4.02037846E-03
   42.9115829       3.93850217E-03
   43.2389984       3.85763659E-03
   43.5689087       3.77849257E-03
   43.9013290       3.70059256E-03
   44.2362862       3.62396613E-03
   44.5737991       3.54909920E-03
   44.9138947       3.47507605E-03
   45.2565880       3.40317050E-03
   45.6018829       3.33163678E-03
   45.9498177       3.26244673E-03
   46.3004150       3.19318636E-03
   46.6536865       3.12662357E-03
   47.0096436       3.05995625E-03
   47.3683167       2.99577089E-03
   47.7297249       2.93174619E-03
   48.0939026       2.86963885E-03
   48.4608612       2.80806166E-03
   48.8306046       2.74806935E-03
   49.2031708       2.68897624E-03
   49.5785751       2.63106916E-03
   49.9568634       2.57442612E-03
   50.3380356       2.51893234E-03
   50.7220993       2.46509048E-03
   51.1091003       2.41168146E-03
   51.4990616       2.36003730E-03
   51.8919983       2.30848789E-03
   52.2879181       2.25894479E-03
   52.6868668       2.20912579E-03
   53.0888557       2.16135662E-03
   53.4939232       2.11353926E-03
   53.9020805       2.06744694E-03
   54.3133392       2.02160771E-03
   54.7277374       1.97713356E-03
   55.1452980       1.93313463E-03
   55.5660553       1.89015095E-03
   55.9900246       1.84796064E-03
   56.4172134       1.80649012E-03
   56.8476639       1.76606979E-03
   57.2814102       1.72607193E-03
   57.7184677       1.68731867E-03
   58.1588440       1.64868834E-03
   58.6025848       1.61156442E-03
   59.0497093       1.57429930E-03
   59.5002556       1.53867598E-03
   59.9542427       1.50289538E-03
   60.4116821       1.46858662E-03
   60.8726082       1.43431104E-03
   61.3370667       1.40122359E-03
   61.8050690       1.36841240E-03
   62.2766266       1.33650971E-03
   62.7517815       1.30510889E-03
   63.2305603       1.27436849E-03
   63.7130127       1.24433520E-03
   64.1991425       1.21470902E-03
   64.6889648       1.18597620E-03
   65.1825256       1.15741265E-03
   65.6798553       1.12993724E-03
   66.1809921       1.10243226E-03
   66.6859512       1.07618654E-03
   67.1947479       1.04973163E-03
   67.7074280       1.02452503E-03
   68.2240372       9.99220647E-04
   68.7445831       9.74932977E-04
   69.2690887       9.50774527E-04
   69.7975998       9.27448156E-04
   70.3301392       9.04395303E-04
   70.8667603       8.81916727E-04
   71.4074707       8.59883730E-04
   71.9522858       8.38225416E-04
   72.5012665       8.17219669E-04
   73.0544357       7.96449254E-04
   73.6118393       7.76436646E-04
   74.1734924       7.56430090E-04
   74.7394257       7.37315218E-04
   75.3096695       7.18037831E-04
   75.8842850       6.99779310E-04
   76.4632797       6.81435922E-04
   77.0466766       6.63948944E-04
   77.6345215       6.46434666E-04
   78.2268524       6.29589194E-04
   78.8237305       6.12862699E-04
   79.4251556       5.96688304E-04
   80.0311432       5.80858148E-04
   80.6417618       5.65373281E-04
   81.2570648       5.50269964E-04
   81.8770523       5.35352970E-04
   82.5017548       5.20938716E-04
   83.1312256       5.06621844E-04
   83.7654877       4.93019470E-04
   84.4046173       4.79343173E-04
   85.0486298       4.66364640E-04
   85.6975327       4.53214685E-04
   86.3513870       4.40763339E-04
   87.0102234       4.28264349E-04
   87.6741104       4.16433526E-04
   88.3430634       4.04639606E-04
   89.0171051       3.93261347E-04
   89.6962814       3.82009457E-04
   90.3806610       3.71048867E-04
   91.0702667       3.60363105E-04
   91.7651138       3.49978160E-04
   92.4652557       3.39930848E-04
   93.1707458       3.29950039E-04
   93.8816376       3.20370047E-04
   94.5979538       3.10753676E-04
   95.3197174       3.01661406E-04
   96.0469818       2.92576413E-04
   96.7798004       2.84031616E-04
   97.5182266       2.75371713E-04
   98.2622910       2.67153489E-04
   99.0120087       2.58894521E-04
   99.7674408       2.51014397E-04
   100.528671       2.43315168E-04
   101.295700       2.35891261E-04
   102.068558       2.28585894E-04
   102.847321       2.21434384E-04
   103.632027       2.14471249E-04
   104.422737       2.07612014E-04
   105.219475       2.01143121E-04
   106.022278       1.94713240E-04
   106.831207       1.88589111E-04
   107.646324       1.82392832E-04
   108.467667       1.76550719E-04
   109.295242       1.70622603E-04
   110.129150       1.65175661E-04
   110.969406       1.59710020E-04
   111.816101       1.54506255E-04
   112.669258       1.49297324E-04
   113.528900       1.44283884E-04
   114.395096       1.39340729E-04
   115.267914       1.34659931E-04
   116.147400       1.30132015E-04
   117.033600       1.25672959E-04
   117.926544       1.21360579E-04
   118.826294       1.17063275E-04
   119.732941       1.12970170E-04
   120.646492       1.08969834E-04
   121.567001       1.05247855E-04
   122.494537       1.01450176E-04
   123.429138       9.78907628E-05
   124.370895       9.42634797E-05
   125.319839       9.08472284E-05
   126.276009       8.75195983E-05
   127.239471       8.43982489E-05
   128.210266       8.12902072E-05
   129.188507       7.82829884E-05
   130.174225       7.53228378E-05
   131.167419       7.24312122E-05
   132.168198       6.97229625E-05
   133.176636       6.71015805E-05
   134.192780       6.45868568E-05
   135.216644       6.20613428E-05
   136.248306       5.96687787E-05
   137.287842       5.72384997E-05
   138.335358       5.50486147E-05
   139.390839       5.28734490E-05
   140.454361       5.08367375E-05
   141.526001       4.87671932E-05
   142.605804       4.68042599E-05
   143.693893       4.48372448E-05
   144.790283       4.30224354E-05
   145.894989       4.12905829E-05
   147.008133       3.96084324E-05
   148.129807       3.79645207E-05
   149.260040       3.63430045E-05
   150.398865       3.47809364E-05
   151.546356       3.32830678E-05
   152.702637       3.19225255E-05
   153.867752       3.05466092E-05
   155.041748       2.92550449E-05
   156.224686       2.79280248E-05
   157.416656       2.66937750E-05
   158.617737       2.54817769E-05
   159.827988       2.44021958E-05
   161.047424       2.33150186E-05
   162.276184       2.22782000E-05
   163.514313       2.12440027E-05
   164.761932       2.02450938E-05
   166.019073       1.93025498E-05
   167.285751       1.84365945E-05
   168.562103       1.76006070E-05
   169.848190       1.67697726E-05
   171.144135       1.59752472E-05
   172.449951       1.51745453E-05
   173.765717       1.44498499E-05
   175.091492       1.37622619E-05
   176.427460       1.31260740E-05
   177.773590       1.24711669E-05
   179.129959       1.18595945E-05
   180.496674       1.12375474E-05
   181.873825       1.06721900E-05
   183.261520       1.01502674E-05
   184.659805       9.65485197E-06
   186.068726       9.16415229E-06
   187.488373       8.68609368E-06
   188.918869       8.21895446E-06
   190.360321       7.77579407E-06
   191.812775       7.38848894E-06
   193.276260       7.00605733E-06
   194.750916       6.64362688E-06
   196.236847       6.27485724E-06
   197.734131       5.93092045E-06
   199.242798       5.58791589E-06
