  0.100381494      -4.4059884220072502E-002
  0.101147391       4.7934562335234451E-003
  0.101919137       4.8061512889282058E-003
  0.102696769       4.8170668151442022E-003
  0.103480324       4.8265503280510514E-003
  0.104269862       4.8348687808621761E-003
  0.105065428       4.8422214350833104E-003
  0.105867065       4.9465991881273378E-003
  0.106674820       5.0094466483974285E-003
  0.107488729       5.0541098278117499E-003
  0.108308852       5.0874823164047825E-003
  0.109135240       5.1133643838504684E-003
  0.109967925       5.1258477834931577E-003
  0.110806957       5.1508932386360624E-003
  0.111652397       5.1649297339382734E-003
  0.112504289       5.1767905605510870E-003
  0.113362685       5.1869447934066613E-003
  0.114227630       5.1957361347672783E-003
  0.115099169       5.2034210503986902E-003
  0.115977362       5.2869940907759030E-003
  0.116862252       5.3354761312486730E-003
  0.117753893       5.3698320564118688E-003
  0.118652344       5.3954486007506321E-003
  0.119557641       5.2168778758660394E-003
  0.120469853       5.4310963887859278E-003
  0.121389017       5.4439969028245907E-003
  0.122315198       5.4547212714716898E-003
  0.123248443       5.4637771825348956E-003
  0.124188818       5.4715254995544955E-003
  0.125136375       5.4782312689352457E-003
  0.126091138       5.5388706447685957E-003
  0.127053186       5.5732866344048119E-003
  0.128022581       5.5977900791840344E-003
  0.128999382       5.6161240445201871E-003
  0.129983634       5.6284148564874781E-003
  0.130975395       5.6417272411982793E-003
  0.131974712       5.6510181664297301E-003
  0.132981658       5.6587526590864924E-003
  0.133996293       5.6652915827088536E-003
  0.135018677       5.6708923564668997E-003
  0.136048853       5.7082653296439420E-003
  0.137086868       5.7326271938796169E-003
  0.138132825       5.7500001276474472E-003
  0.139186770       5.7630145735039816E-003
  0.140248746       5.7874631975340192E-003
  0.141318828       5.7812102952117545E-003
  0.142397076       5.7878192940526386E-003
  0.143483534       5.7933237739729859E-003
  0.144578293       5.7979797240363820E-003
  0.145681411       5.8019678143640535E-003
  0.146792948       5.8320105383218024E-003
  0.147912949       5.8443609380599464E-003
  0.149041504       5.8535479422190300E-003
  0.150178671       5.8673413194161583E-003
  0.151324511       5.8663021086924763E-003
  0.152479112       5.8709099118370231E-003
  0.153642505       5.8747359234279737E-003
  0.154814765       5.8779636737995569E-003
  0.155995980       5.8807247327498169E-003
  0.157186210       5.8969035275897455E-003
  0.158385515       5.9030558457548107E-003
  0.159593970       5.8934784225210968E-003
  0.160811663       5.9114157716544493E-003
  0.162038624       5.9143846727494455E-003
  0.163274959       5.9168301548652661E-003
  0.164520726       5.9188804508847875E-003
  0.165775999       5.9206232740067061E-003
  0.167040855       5.9244554827258249E-003
  0.168315351       5.9264247393769863E-003
  0.169599563       5.9241875761080684E-003
  0.170893580       5.9291247804498922E-003
  0.172197476       5.9300905790398827E-003
  0.173511326       5.9308881017649841E-003
  0.174835190       5.9315602518202094E-003
  0.176169157       5.9321318177182345E-003
  0.177513301       5.9266645205669002E-003
  0.178867698       5.9249298013818175E-003
  0.180232435       5.9224028031954696E-003
  0.181607604       5.9224681113923252E-003
  0.182993233       5.9215633306796880E-003
  0.184389442       5.9208048975322673E-003
  0.185796320       5.9201599195005507E-003
  0.187213913       5.9085655693989925E-003
  0.188642323       5.9031821718290196E-003
  0.190081641       5.8976724481848370E-003
  0.191531941       5.8954362383202537E-003
  0.192993313       5.8925560038282868E-003
  0.194465816       5.8901305432034730E-003
  0.195949554       5.8880587955864446E-003
  0.197444633       5.8697205399307903E-003
  0.198951095       5.8610130981515346E-003
  0.200469062       5.8445249236053348E-003
  0.201998621       5.8480725411308590E-003
  0.203539848       5.8431334299803685E-003
  0.205092832       5.8389174760169532E-003
  0.206657663       5.8207308116503499E-003
  0.208234429       5.8068111083790126E-003
  0.209823221       5.8018004919034973E-003
  0.211424142       5.7857456396269427E-003
  0.213037282       5.7775835451265370E-003
  0.214662731       5.7705621989113474E-003
  0.216300577       5.7644556441542984E-003
  0.217950910       5.7321733734167985E-003
  0.219613865       5.7350068910964162E-003
  0.221289486       5.7022064451035751E-003
  0.222977892       5.6902607655050664E-003
  0.224679187       5.6798281385840657E-003
  0.226393446       5.6706382742119817E-003
  0.228120804       5.6322689935062722E-003
  0.229861334       5.6190710173155091E-003
  0.231615141       5.5935612542621152E-003
  0.233382344       5.5775559790109111E-003
  0.235163003       5.5632968637967925E-003
  0.236957282       5.5306632635623411E-003
  0.238765240       5.5031465843866072E-003
  0.240586981       5.4473443054400472E-003
  0.242422625       5.4561928510606832E-003
  0.244272277       5.4360035608912415E-003
  0.246136039       5.4176162049124040E-003
  0.248014003       5.3733934983002307E-003
  0.249906331       5.3489177022466835E-003
  0.251813114       5.3142862432310617E-003
  0.253734410       5.2880237674562481E-003
  0.255670339       5.2636414050273991E-003
  0.257621050       5.2205051026534234E-003
  0.259586692       5.2152108483886463E-003
  0.261567295       5.1513327580338768E-003
  0.263563037       5.1195848704253897E-003
  0.265573978       5.0895278454026359E-003
  0.267600238       5.0456726761610856E-003
  0.269641995       5.0330462658683484E-003
  0.271699369       4.9694608706440102E-003
  0.273772359       4.9335127602436130E-003
  0.275861204       4.8988960789951626E-003
  0.277966022       4.8545193975831043E-003
  0.280086875       4.8084389826268071E-003
  0.282223880       4.7753086587345225E-003
  0.284377187       4.7372153885834054E-003
  0.286546946       4.7000793363832765E-003
  0.288733244       4.6581829363452161E-003
  0.290936261       4.5631218504496489E-003
  0.293156087       4.5812570309822350E-003
  0.295392811       4.5438778606770244E-003
  0.297646612       4.5080355781576629E-003
  0.299917608       4.4769893961387440E-003
  0.302205950       4.4379665567623149E-003
  0.304511756       4.4038399253413631E-003
  0.306835145       4.3702996375856069E-003
  0.309176236       4.3773529228459743E-003
  0.311535209       4.3144248999096900E-003
  0.313912183       4.2859710242739747E-003
  0.316307276       4.2580481948521036E-003
  0.318720669       4.2371591059017603E-003
  0.321152449       4.1822749553285087E-003
  0.323602796       4.1922170557198452E-003
  0.326071858       4.1704389172283699E-003
  0.328559756       4.1537281227702625E-003
  0.331066608       4.1142428822920117E-003
  0.333592594       4.1186080440336432E-003
  0.336137831       4.1015869164649308E-003
  0.338702530       4.0862761962707928E-003
  0.341286778       4.0494528606921021E-003
  0.343890786       4.0555927846008298E-003
  0.346514612       4.0406429279469793E-003
  0.349158466       4.0374995538589248E-003
  0.351822495       4.0062011963937546E-003
  0.354506850       3.9897957296734987E-003
  0.357211679       3.9735525800410482E-003
  0.359937161       3.9496090219567634E-003
  0.362683445       3.9271051044162944E-003
  0.365450680       3.9058801787894217E-003
  0.368239045       3.8760369546884900E-003
  0.371048629       3.8191675779414890E-003
  0.373879671       3.8174802906220059E-003
  0.376732290       3.7875812923675554E-003
  0.379606724       3.7564781444397012E-003
  0.382503092       3.7026660970396427E-003
  0.385421544       3.6610345050552551E-003
  0.388362259       3.6089371553492721E-003
  0.391325414       3.4974925310331229E-003
  0.394311130       3.5002373821097104E-003
  0.397319674       3.4422382212273301E-003
  0.400351167       3.3539460677496176E-003
  0.403405815       3.3019562143822537E-003
  0.406483769       3.2278116278116218E-003
  0.409585178       3.1733882098826083E-003
  0.412710249       3.0664884640249843E-003
  0.415859163       2.9776214077340784E-003
  0.419032067       2.9502212822381333E-003
  0.422229230       2.8006171261696785E-003
  0.425450802       2.7016508961234670E-003
  0.428696960       2.6889944535942196E-003
  0.431967854       2.5190842153254502E-003
  0.435263693       2.4174351054843382E-003
  0.438584685       2.4067696095548424E-003
  0.441931009       2.2430464887093163E-003
  0.445302904       2.1471745324279762E-003
  0.448700488       2.1298383047269917E-003
  0.452124029       1.9940110796309103E-003
  0.455573678       1.9106675713470248E-003
  0.459049642       1.8840261173495843E-003
  0.462552190       1.7866241854638143E-003
  0.466081381       1.7190330619316317E-003
  0.469637454       1.6851715960909768E-003
  0.473220736       1.6256070644682795E-003
  0.476831347       1.5737379359246646E-003
  0.480469525       1.5374513669858206E-003
  0.484135449       1.5086264978887724E-003
  0.487829328       1.4708981432463614E-003
  0.491551399       1.4389887727788615E-003
  0.495301843       1.4313192307923294E-003
  0.499080956       1.4236812703243495E-003
  0.502888858       1.4039080219710055E-003
  0.506725788       1.3897236298215372E-003
  0.510592103       1.3878706884990820E-003
  0.514487863       1.3842050871872686E-003
  0.518413305       1.3842358344770289E-003
  0.522368670       1.3884774111819105E-003
  0.526354313       1.3910377785199364E-003
  0.530370355       1.4017237726426058E-003
  0.534417033       1.4082811684739314E-003
  0.538494527       1.4128803909794747E-003
  0.542603135       1.4289607468219545E-003
  0.546743155       1.4389899645342785E-003
  0.550914764       1.4544562088103438E-003
  0.555118084       1.4619864345886207E-003
  0.559353590       1.4708297364854218E-003
  0.563621402       1.4835740113889068E-003
  0.567921758       1.4872736969056485E-003
  0.572254896       1.5027715227002661E-003
  0.576621175       1.5116356803168657E-003
  0.581020653       1.5206048315857090E-003
  0.585453749       1.5255155789572735E-003
  0.589920700       1.5295949577498924E-003
  0.594421744       1.5339224600203448E-003
  0.598957121       1.5347904154905943E-003
  0.603527069       1.5354914060269130E-003
  0.608131886       1.5348436869577372E-003
  0.612771809       1.5291525781390774E-003
  0.617447138       1.5253813872973118E-003
  0.622158229       1.5101041554303933E-003
  0.626905203       1.5059835419003438E-003
  0.631688416       1.4865126418963097E-003
  0.636508107       1.4786083240926156E-003
  0.641364634       1.4560855768165572E-003
  0.646258175       1.4444324731729382E-003
  0.651188970       1.4191814402205894E-003
  0.656157434       1.4043054724025973E-003
  0.661163807       1.3756212304447629E-003
  0.666208446       1.3579617986746700E-003
  0.671291471       1.3241190433940628E-003
  0.676413357       1.3037663635569411E-003
  0.681574345       1.2622494184436753E-003
  0.686774611       1.2391402083268787E-003
  0.692014635       1.1870622842341937E-003
  0.697294593       1.1614005723651235E-003
  0.702614903       1.0959268406824433E-003
  0.707975745       1.0839812802594761E-003
  0.713377476       1.0162957696982619E-003
  0.718820453       9.7195513888756946E-004
  0.724304914       9.0227969471870821E-004
  0.729831278       8.4434762966630874E-004
  0.735399842       7.7539713031764919E-004
  0.741010845       7.0437738603833689E-004
  0.746664584       6.3962311710093959E-004
  0.752361536       5.5847786127160431E-004
  0.758101940       5.3089575472347315E-004
  0.763886213       4.5362948401337711E-004
  0.769714594       4.0277647593223870E-004
  0.775587380       3.4388695457776791E-004
  0.781504989       3.0172106884602390E-004
  0.787467837       2.8066611733551029E-004
  0.793476105       2.4883476215700002E-004
  0.799530089       2.3349359261195591E-004
  0.805630445       2.1957569187068632E-004
  0.811777353       2.1518623321548932E-004
  0.817971051       2.1311073156889698E-004
  0.824212074       2.1133056181159646E-004
  0.830500722       2.0904887158090888E-004
  0.836837351       2.0744189367959357E-004
  0.843222201       2.0005488710856252E-004
  0.849655867       1.9109269271196639E-004
  0.856138647       1.7971802782460234E-004
  0.862670898       1.5889406830780164E-004
  0.869252980       1.4368104226397763E-004
  0.875885308       1.1939711138410694E-004
  0.882568181       8.5481197217834650E-005
  0.889301896       6.1234207031657351E-005
  0.896087229       2.5086404976305993E-005
  0.902924299      -2.0494280863965464E-005
  0.909813464      -5.2344586815724917E-005
  0.916755259      -8.6680848014539317E-005
  0.923749983      -1.3880683709288879E-004
  0.930798054      -1.8482030518863230E-004
  0.937899828      -2.2231589510114756E-004
  0.945055962      -2.7276063757028437E-004
  0.952266574      -3.2135735470806146E-004
  0.959532261      -3.5801804546620799E-004
  0.966853380      -3.9553647239190276E-004
  0.974230289      -4.4307640041359604E-004
  0.981663585      -4.8534590927885402E-004
  0.989153445      -5.1914838322636425E-004
  0.996700525      -5.5271929909633854E-004
   1.00430524      -5.9224243739685190E-004
   1.01196790      -6.2665717568988015E-004
   1.01968908      -6.5389504368579157E-004
   1.02746928      -6.7996070105347630E-004
   1.03530884      -7.0838996693982923E-004
   1.04320788      -7.3379789449283495E-004
   1.05116749      -7.5341091133035421E-004
   1.05918777      -7.7212308024811294E-004
   1.06726921      -7.8999434654358942E-004
   1.07541227      -8.0934988462325150E-004
   1.08361769      -8.2806115972444748E-004
   1.09188545      -8.4414604423751192E-004
   1.10021639      -8.6037763384241731E-004
   1.10861087      -8.7679519688015604E-004
   1.11706948      -8.9339617107658126E-004
   1.12559247      -9.1161096087102715E-004
   1.13418067      -9.2963691701963890E-004
   1.14283431      -9.4520535432271761E-004
   1.15155399      -9.5992115021265598E-004
   1.16034019      -9.7342338156139550E-004
   1.16919339      -9.8532949488005757E-004
   1.17811406      -9.9524055004277944E-004
   1.18710291      -1.0027545679473844E-003
   1.19616044      -1.0074975161562260E-003
   1.20528698      -1.0091612067184511E-003
   1.21448326      -1.0069323857374531E-003
   1.22374964      -1.0014841566727915E-003
   1.23308659      -9.9320503179042971E-004
   1.24249482      -9.8266186955449581E-004
   1.25197482      -9.7067143954007609E-004
   1.26152730      -9.5824709137830256E-004
   1.27115250      -9.4648482293848031E-004
   1.28085136      -9.3641472801535091E-004
   1.29062414      -9.2885810485458591E-004
   1.30047131      -9.2427663950475679E-004
   1.31039357      -9.2268296457328439E-004
   1.32039177      -9.2362129320091180E-004
   1.33046627      -9.2623379983843436E-004
   1.34061754      -9.2942532084533869E-004
   1.35084629      -9.3209139688885838E-004
   1.36115301      -9.3338159130337470E-004
   1.37153840      -9.3292872424488940E-004
   1.38200295      -9.3100094068224247E-004
   1.39254749      -9.2850379596909197E-004
   1.40317249      -9.2683039260021787E-004
   1.41387844      -9.2758757440445120E-004
   1.42466617      -9.3231377844968301E-004
   1.43553627      -9.4291521752551161E-004
   1.44648921      -9.5821747625618849E-004
   1.45752561      -9.7766323022092255E-004
   1.46864629      -9.9959242371151086E-004
   1.47985196      -1.0218750918588009E-003
   1.49114299      -1.0423071426066994E-003
   1.50252032      -1.0590103098301381E-003
   1.51398432      -1.0707347996232392E-003
   1.52553582      -1.0771168882327143E-003
   1.53717542      -1.0774278172210269E-003
   1.54890394      -1.0737237222092422E-003
   1.56072176      -1.0674468656030943E-003
   1.57262993      -1.0599563252802055E-003
   1.58462882      -1.0521466328566264E-003
   1.59671926      -1.0450061110997301E-003
   1.60890210      -1.0398241201952411E-003
   1.62117779      -1.0354891098656614E-003
   1.63354707      -1.0311778154688811E-003
   1.64601088      -1.0245822834642096E-003
   1.65856969      -1.0157781903206299E-003
   1.67122436      -1.0035003684873848E-003
   1.68397570      -9.8689516355922888E-004
   1.69682407      -9.6367881463043791E-004
   1.70977068      -9.4114826135639773E-004
   1.72281599      -9.1807224162796625E-004
   1.73596072      -8.9286023866552635E-004
   1.74920583      -8.7298104325560526E-004
   1.76255202      -8.5704602198623681E-004
   1.77600014      -8.4257626400215178E-004
   1.78955078      -8.3245045451327455E-004
   1.80320477      -8.2430367406997819E-004
   1.81696296      -8.1515081370359403E-004
   1.83082604      -8.0725364643240225E-004
   1.84479523      -7.9770500409201037E-004
   1.85887063      -7.8704499023743305E-004
   1.87305355      -7.7711462863695475E-004
   1.88734472      -7.6546641119054572E-004
   1.90174496      -7.5676695417258466E-004
   1.91625500      -7.4775674692962343E-004
   1.93087554      -7.4098358378003805E-004
   1.94560790      -7.3550073422051050E-004
   1.96045268      -7.3321846300905709E-004
   1.97541070      -7.3642797952275924E-004
   1.99048281      -7.4699420222601345E-004
   2.00567007      -7.6841201346713843E-004
   2.02097321      -7.9759756734116183E-004
   2.03639269      -8.3690541502558214E-004
   2.05193019      -8.7382999022695264E-004
   2.06758595      -9.1285265084006882E-004
   2.08336163      -9.3770510119317975E-004
   2.09925723      -9.5390755237813795E-004
   2.11527443      -9.5668779859061259E-004
   2.13141346      -9.5048060008859207E-004
   2.14767599      -9.3599648145173138E-004
   2.16406250      -9.2001259821026333E-004
   2.18057370      -9.0260873838936035E-004
   2.19721127      -8.8560441457202895E-004
   2.21397591      -8.7118131381252204E-004
   2.23086810      -8.5721149722589650E-004
   2.24788952      -8.4303938015722391E-004
   2.26504064      -8.3034468227908870E-004
   2.28232265      -8.1843517245748791E-004
   2.29973602      -8.0795469655649168E-004
   2.31728268      -8.0061705845361261E-004
   2.33496332      -7.9595991663479969E-004
   2.35277891      -7.9269343421216191E-004
   2.37073040      -7.8935604234220858E-004
   2.38881874      -7.8419508592083079E-004
   2.40704513      -7.7694259874250119E-004
   2.42541027      -7.6775523705679299E-004
   2.44391584      -7.5763073849887449E-004
   2.46256256      -7.4770204535598008E-004
   2.48135161      -7.3857111328927004E-004
   2.50028419      -7.2977107211410857E-004
   2.51936102      -7.1973524015921987E-004
   2.53858328      -7.0691487167235507E-004
   2.55795217      -6.8997573687633719E-004
   2.57746911      -6.6942057779385584E-004
   2.59713483      -6.4796260439517570E-004
   2.61695051      -6.3017696572641548E-004
   2.63691759      -6.2113773923904868E-004
   2.65703702      -6.2457231876326383E-004
   2.67730975      -6.4140657908257981E-004
   2.69773698      -6.6936319477052411E-004
   2.71832037      -7.0366340536797225E-004
   2.73906088      -7.3833681417427479E-004
   2.75995970      -7.6790319349182186E-004
   2.78101778      -7.8791664014947558E-004
   2.80223656      -7.9700091499160740E-004
   2.82361746      -7.9730004560129111E-004
   2.84516120      -7.9253183217760760E-004
   2.86686945      -7.8693743431104278E-004
   2.88874292      -7.8390298666810773E-004
   2.91078377      -7.8526385217885615E-004
   2.93299270      -7.9063116105069901E-004
   2.95537114      -7.9819112112663180E-004
   2.97792029      -8.0590976343634707E-004
   3.00064135      -8.1206166448701575E-004
   3.02353573      -8.1488523100890081E-004
   3.04660463      -8.1444451985566958E-004
   3.06984997      -8.1202948709075491E-004
   3.09327269      -8.1035518990531805E-004
   3.11687374      -8.1216600267377994E-004
   3.14065504      -8.1879979002733949E-004
   3.16461802      -8.2837453181136512E-004
   3.18876362      -8.3746816193352091E-004
   3.21309304      -8.4301649845321624E-004
   3.23760843      -8.4308800377824017E-004
   3.26231122      -8.3806815119824313E-004
   3.28720236      -8.3010001489196501E-004
   3.31228304      -8.1939948135320735E-004
   3.33755541      -8.0814513907213892E-004
   3.36302090      -7.9507485947431517E-004
   3.38867974      -7.8199939574042732E-004
   3.41453505      -7.6773777783993298E-004
   3.44058752      -7.5293706937652857E-004
   3.46683884      -7.3771233433573191E-004
   3.49329019      -7.2144737557914857E-004
   3.51994348      -7.0701146344890828E-004
   3.54680037      -6.9505762032579259E-004
   3.57386160      -6.8658042569311444E-004
   3.60112977      -6.8223534503026044E-004
   3.62860608      -6.8050235389053313E-004
   3.65629196      -6.7960239978733525E-004
   3.68418884      -6.7752093936365753E-004
   3.71229863      -6.7274533705638832E-004
   3.74062300      -6.6434095867969284E-004
   3.76916313      -6.5187334979627980E-004
   3.79792142      -6.3563836368843571E-004
   3.82689905      -6.1718420981847196E-004
   3.85609794      -5.9938635565668676E-004
   3.88551950      -5.8523032728614453E-004
   3.91516542      -5.7595179631103079E-004
   3.94503760      -5.7044874649718404E-004
   3.97513795      -5.6659937650005898E-004
   4.00546789      -5.6299240955476511E-004
   4.03602839      -5.5949758679421733E-004
   4.06682301      -5.5651223947446554E-004
   4.09785223      -5.5374259988520268E-004
   4.12911844      -5.4976124297563750E-004
   4.16062307      -5.4284786980123413E-004
   4.19236803      -5.3218827306105278E-004
   4.22435522      -5.1828150033598997E-004
   4.25658607      -5.0250033469096496E-004
   4.28906345      -4.8708965601122040E-004
   4.32178879      -4.7283512905545763E-004
   4.35476303      -4.5960387309467370E-004
   4.38798952      -4.4675245937919427E-004
   4.42146921      -4.3375213582435239E-004
   4.45520449      -4.1951316127678234E-004
   4.48919678      -4.0370419793665416E-004
   4.52344847      -3.8606958447312165E-004
   4.55796242      -3.6605515461724886E-004
   4.59273911      -3.4551069153963571E-004
   4.62778091      -3.2383120060280830E-004
   4.66308975      -3.0311411175303304E-004
   4.69866943      -2.8228809645813792E-004
   4.73451996      -2.6226636710033558E-004
   4.77064323      -2.4205572961198549E-004
   4.80704212      -2.2114504009470776E-004
   4.84371853      -1.9995579264563343E-004
   4.88067627      -1.7811388034240255E-004
   4.91791534      -1.5580615553746852E-004
   4.95543814      -1.3365097542591899E-004
   4.99324703      -1.1125486705986672E-004
   5.03134441      -8.8554227942397155E-005
   5.06973362      -6.5430195367600626E-005
   5.10841560      -4.2172127550740879E-005
   5.14739132      -1.8563719021502492E-005
   5.18666458       5.6326606639240905E-006
   5.22623920       3.0458084238717370E-005
   5.26611519       5.5882904924759974E-005
   5.30629444       8.1935657815819293E-005
   5.34677982       1.0878935600456798E-004
   5.38757515       1.3677598158360832E-004
   5.42868233       1.6633726614674737E-004
   5.47010279       1.9803897323282350E-004
   5.51183844       2.3207947053100738E-004
   5.55389214       2.6898429238634002E-004
   5.59626770       3.1039731642723762E-004
   5.63896656       3.5820881571459493E-004
   5.68199205       4.1410473684305070E-004
   5.72534466       4.7793003243284450E-004
   5.76902771       5.5466668703559616E-004
   5.81304502       6.4866520380130730E-004
   5.85739851       7.5181801103990306E-004
   5.90208912       8.5299798636108664E-004
   5.94712067       9.3406673149264629E-004
   5.99249601       9.9136764287616739E-004
   6.03821850       1.0241046278930493E-003
   6.08429003       1.0428771592226823E-003
   6.13071156       1.0561105305493315E-003
   6.17748737       1.0648480045650970E-003
   6.22462177       1.0656058418348096E-003
   6.27211571       1.0614195625812798E-003
   6.31997013       1.0626884245738307E-003
   6.36818981       1.0771439410806817E-003
   6.41677809       1.1064961619497819E-003
   6.46573830       1.1497660601060109E-003
   6.51507187       1.2047087258702405E-003
   6.56478024       1.2665673866707910E-003
   6.61486769       1.3267268425976881E-003
   6.66533756       1.3725773679340331E-003
   6.71619415       1.3969898817749338E-003
   6.76743841       1.4074728007745351E-003
   6.81907225       1.4085496709693966E-003
   6.87110043       1.3820782804699714E-003
   6.92352676       1.3045916541832598E-003
   6.97635365       1.1792773803232894E-003
   7.02958155       1.0478664432762316E-003
   7.08321571       9.5273629515424483E-004
   7.13725853       9.0428732589429867E-004
   7.19171572       8.8666162080250875E-004
   7.24658823       8.8215207789209954E-004
   7.30187798       8.8326583291711911E-004
   7.35758972       8.8638578901122859E-004
   7.41372681       8.8798655488743245E-004
   7.47029305       8.8681660859449816E-004
   7.52729130       8.8346503483508181E-004
   7.58472300       8.7863961715137912E-004
   7.64259243       8.7445798574397585E-004
   7.70090532       8.7471838430260495E-004
   7.75966358       8.8227637798209959E-004
   7.81886816       8.9655336952747407E-004
   7.87852430       9.1458176877469075E-004
   7.93863535       9.3367345220501431E-004
   7.99920654       9.5239295041858794E-004
   8.06024075       9.7137576699156251E-004
   8.12173843       9.9247770345939411E-004
   8.18370533       1.0155890587359416E-003
   8.24614525       1.0387965886746462E-003
   8.30906296       1.0615462461821140E-003
   8.37246132       1.0845465298537909E-003
   8.43634224       1.1082348139277404E-003
   8.50070953       1.1335817831911630E-003
   8.56556892       1.1600609201007990E-003
   8.63092422       1.1869092628386422E-003
   8.69677544       1.2130197897977796E-003
   8.76313019       1.2382224374801955E-003
   8.82999039       1.2623025707352766E-003
   8.89736366       1.2856546606060714E-003
   8.96525002       1.3083441344649775E-003
   9.03365326       1.3305346203307574E-003
   9.10257816       1.3522122938405738E-003
   9.17203140       1.3733234068251169E-003
   9.24201393       1.3938850013868504E-003
   9.31252766       1.4138227119877495E-003
   9.38357925       1.4329407332127901E-003
   9.45517349       1.4512471689988086E-003
   9.52731705       1.4688201985011641E-003
   9.60001087       1.4859712274103364E-003
   9.67325592       1.5031464489544751E-003
   9.74706078       1.5206510716958910E-003
   9.82142830       1.5382074166224078E-003
   9.89636612       1.5559343017491065E-003
   9.97187519       1.5736485542683846E-003
   10.0479584       1.5916096193345371E-003
   10.1246223       1.6096405212681296E-003
   10.2018738       1.6278383881356531E-003
   10.2797127       1.6458722694577884E-003
   10.3581448       1.6637999653722631E-003
   10.4371748       1.6817806944027971E-003
   10.5168085       1.6995576332570128E-003
   10.5970516       1.7169692990758976E-003
   10.6779070       1.7339719544356451E-003
   10.7593765       1.7505806154545103E-003
   10.8414688       1.7670786815706719E-003
   10.9241867       1.7838476336931326E-003
   11.0075378       1.8014918109938870E-003
   11.0915251       1.8206827676504522E-003
   11.1761513       1.8412754670285711E-003
   11.2614222       1.8630138008891163E-003
   11.3473473       1.8852232356660278E-003
   11.4339275       1.9075320628447225E-003
   11.5211658       1.9295566563564471E-003
   11.6090689       1.9513511218971359E-003
   11.6976433       1.9726320600286108E-003
   11.7868958       1.9933321365698075E-003
   11.8768301       2.0143169234801413E-003
   11.9674473       2.0362380726216644E-003
   12.0587559       2.0564814684870410E-003
   12.1507645       2.0753123958321103E-003
   12.2434750       2.0939955455054637E-003
   12.3368893       2.1126284031002165E-003
   12.4310169       2.1310920314257459E-003
   12.5258627       2.1493606885650434E-003
   12.6214352       2.1674481988809466E-003
   12.7177362       2.1857485567143378E-003
   12.8147697       2.2038858824066743E-003
   12.9125443       2.2217922458991836E-003
   13.0110636       2.2394342780401874E-003
   13.1103373       2.2567423803133290E-003
   13.2103691       2.2737492068170364E-003
   13.3111620       2.2904745406912325E-003
   13.4127235       2.3070130073160324E-003
   13.5150614       2.3235216800554059E-003
   13.6181812       2.3397178745244245E-003
   13.7220850       2.3561207193827623E-003
   13.8267803       2.3723948546560568E-003
   13.9322758       2.3878905352909237E-003
   14.0385790       2.4029943667446588E-003
   14.1456928       2.4180252627668698E-003
   14.2536221       2.4330988236330115E-003
   14.3623734       2.4484045384543978E-003
   14.4719543       2.4639872172347106E-003
   14.5823755       2.4797405553907471E-003
   14.6936398       2.4955203505170427E-003
   14.8057489       2.5111375902044501E-003
   14.9187126       2.5266609195649927E-003
   15.0325422       2.5367963226849777E-003
   15.1472397       2.5596263045075556E-003
   15.2628098       2.5797595821723954E-003
   15.3792620       2.6034955364630276E-003
   15.4966021       2.6318948297006412E-003
   15.6148415       2.6664800486060807E-003
   15.7339821       2.7095164818761066E-003
   15.8540287       2.7645300570876517E-003
   15.9749928       2.8373267682815810E-003
   16.0968819       2.9381828840681769E-003
   16.2196999       3.0871689957773412E-003
   16.3434525       3.3294626444614010E-003
   16.4681492       3.7923061258940578E-003
   16.5937958       5.0230259863216524E-003
   16.7204075       1.5660519477133768E-002
   16.8479843       4.8678971858311937E-002
   16.9765301      -4.9712149439370655E-002
   17.1060562      -4.9084801760592128E-002
   17.2365723      -4.8784841689138131E-002
   17.3680859      -4.8609152152149837E-002
   17.5006046      -4.8493782600543121E-002
   17.6341305      -4.8412239834694420E-002
   17.7686749      -4.8351542301196718E-002
   17.9042492      -4.8304611926276969E-002
   18.0408592      -4.8267242290015097E-002
   18.1785069      -4.8236782928363545E-002
   18.3172035      -4.8211479577348386E-002
   18.4569607      -4.8190123320274551E-002
   18.5977879      -4.8171863720476424E-002
   18.7396889      -4.8156067717476457E-002
   18.8826675      -4.8142273863577160E-002
   19.0267372      -4.8130119865131750E-002
   19.1719074      -4.8119331141692125E-002
   19.3181877      -4.8109690317070228E-002
   19.4655876      -4.8101025778485983E-002
   19.6141052      -4.8093196422098021E-002
   19.7637558      -4.8086084025768971E-002
   19.9145527      -4.8079597062682791E-002
   20.0664997      -4.8073655446875467E-002
   20.2196026      -4.8068194346852298E-002
   20.3738747      -4.8063156558353276E-002
   20.5293217      -4.8058496317970378E-002
   20.6859608      -4.8054171675912929E-002
   20.8437939      -4.8050148309624910E-002
   21.0028267      -4.8046399523784984E-002
   21.1630745      -4.8042890995837140E-002
   21.3245430      -4.8039603657694704E-002
   21.4872494      -4.8036518441271006E-002
   21.6511974      -4.8033620092096697E-002
   21.8163910      -4.8030885728467781E-002
   21.9828453      -4.8028303909532249E-002
   22.1505737      -4.8025863194438093E-002
   22.3195801      -4.8023555955950654E-002
   22.4898758      -4.8021366939600588E-002
   22.6614685      -4.8019284704535883E-002
   22.8343697      -4.8017309250756555E-002
   23.0085945      -4.8015429137410595E-002
   23.1841507      -4.8013636737263325E-002
   23.3610382      -4.8011924423080082E-002
   23.5392780      -4.8010292194860867E-002
   23.7188835      -4.8008732425371015E-002
   23.8998585      -4.8007237487375842E-002
   24.0822086      -4.8005807380875364E-002
   24.2659492      -4.8004438292252240E-002
   24.4510937      -4.8003122594271794E-002
   24.6376553      -4.8001856473316708E-002
   24.8256416      -4.8000643743004300E-002
   25.0150547      -4.7999476776099906E-002
   25.2059135      -4.7998351758986195E-002
   25.3982277      -4.7997272505280499E-002
   25.5920181      -4.7996227574130815E-002
   25.7872849      -4.7995224592771814E-002
   25.9840336      -4.7994252120351487E-002
   26.1822853      -4.7993317784104504E-002
   26.3820572      -4.7992410143178871E-002
   26.5833511      -4.7991536824809243E-002
   26.7861748      -4.7990690201760958E-002
   26.9905491      -4.7989874087651353E-002
   27.1964817      -4.7989080855245753E-002
   27.4039917      -4.7988314318161494E-002
   27.6130829      -4.7987570662781247E-002
   27.8237629      -4.7986849889105003E-002
   28.0360527      -4.7986151997132770E-002
   28.2499599      -4.7985473173247209E-002
   28.4655075      -4.7984813417448320E-002
   28.6826973      -4.7984176543353435E-002
   28.9015388      -4.7983554923727897E-002
   29.1220512      -4.7982948558571693E-002
   29.3442535      -4.7982365075119500E-002
   29.5681496      -4.7981793032519308E-002
   29.7937489      -4.7981236244388450E-002
   30.0210686      -4.7980698524344272E-002
   30.2501221      -4.7980172245152095E-002
   30.4809284      -4.7979657406811919E-002
   30.7134972      -4.7979157822941085E-002
   30.9478340      -4.7978673493539591E-002
   31.1839600      -4.7978196791372767E-002
   31.4218941      -4.7977735343675276E-002
   31.6616402      -4.7977285336829795E-002
   31.9032116      -4.7976842957218976E-002
   32.1466255      -4.7976415832077499E-002
   32.3918991      -4.7975996334170691E-002
   32.6390457      -4.7975584463498554E-002
   32.8880844      -4.7975187847295757E-002
   33.1390152      -4.7974795044710292E-002
   33.3918533      -4.7974413682976828E-002
   33.6466293      -4.7974039948478035E-002
   33.9033508      -4.7973677654831251E-002
   34.1620331      -4.7973319174801791E-002
   34.4226837      -4.7972972135624348E-002
   34.6853180      -4.7972628910064229E-002
   34.9499664      -4.7972297125356118E-002
   35.2166367      -4.7971969154265340E-002
   35.4853287      -4.7971648810409231E-002
   35.7560768      -4.7971336093787793E-002
   36.0288849      -4.7971031004401025E-002
   36.3037872      -4.7970729728631589E-002
   36.5807800      -4.7970436080096830E-002
   36.8598862      -4.7970146245179396E-002
   37.1411171      -4.7969864037496632E-002
   37.4244957      -4.7969589457048545E-002
   37.7100449      -4.7969318690217783E-002
   37.9977722      -4.7969051737004366E-002
   38.2876854      -4.7968788597408274E-002
   38.5798111      -4.7968533085046852E-002
   38.8741760      -4.7968281386302769E-002
   39.1707840      -4.7968037314793356E-002
   39.4696503      -4.7967797056901275E-002
   39.7707901      -4.7967556799009194E-002
   40.0742340      -4.7967324168351783E-002
   40.3800011      -4.7967099164929042E-002
   40.6881027      -4.7966874161506301E-002
   40.9985428      -4.7966652971700892E-002
   41.3113480      -4.7966435595512821E-002
   41.6265564      -4.7966225846559414E-002
   41.9441643      -4.7966016097606014E-002
   42.2641907      -4.7965810162269938E-002
   42.5866547      -4.7965608040551208E-002
   42.9115829      -4.7965409732449810E-002
   43.2389984      -4.7965215237965743E-002
   43.5689087      -4.7965024557099008E-002
   43.9013290      -4.7964837689849618E-002
   44.2362862      -4.7964650822600222E-002
   44.5737991      -4.7964471582585495E-002
   44.9138947      -4.7964292342570762E-002
   45.2565880      -4.7964116916173374E-002
   45.6018829      -4.7963941489775980E-002
   45.9498177      -4.7963773690613255E-002
   46.3004150      -4.7963605891450538E-002
   46.6536865      -4.7963441905905145E-002
   47.0096436      -4.7963277920359759E-002
   47.3683167      -4.7963121562049037E-002
   47.7297249      -4.7962961390120983E-002
   48.0939026      -4.7962808845427599E-002
   48.4608612      -4.7962656300734215E-002
   48.8306046      -4.7962507569658169E-002
   49.2031708      -4.7962358838582117E-002
   49.5785751      -4.7962213921123403E-002
   49.9568634      -4.7962072817282021E-002
   50.3380356      -4.7961931713440639E-002
   50.7220993      -4.7961790609599257E-002
   51.1091003      -4.7961657132992545E-002
   51.4990616      -4.7961519842768502E-002
   51.8919983      -4.7961390179779122E-002
   52.2879181      -4.7961256703172410E-002
   52.6868668      -4.7961130853800368E-002
   53.0888557      -4.7961001190810995E-002
   53.4939232      -4.7960879155056285E-002
   53.9020805      -4.7960753305684244E-002
   54.3133392      -4.7960631269929534E-002
   54.7277374      -4.7960513047792162E-002
   55.1452980      -4.7960394825654791E-002
   55.5660553      -4.7960280417134751E-002
   55.9900246      -4.7960166008614712E-002
   56.4172134      -4.7960051600094679E-002
   56.8476639      -4.7959941005191971E-002
   57.2814102      -4.7959830410289270E-002
   57.7184677      -4.7959719815386562E-002
   58.1588440      -4.7959613034101192E-002
   58.6025848      -4.7959510066433161E-002
   59.0497093      -4.7959407098765124E-002
   59.5002556      -4.7959304131097093E-002
   59.9542427      -4.7959201163429055E-002
   60.4116821      -4.7959102009378356E-002
   60.8726082      -4.7959002855327657E-002
   61.3370667      -4.7958907514894289E-002
   61.8050690      -4.7958808360843590E-002
   62.2766266      -4.7958716834027561E-002
   62.7517815      -4.7958621493594193E-002
   63.2305603      -4.7958529966778164E-002
   63.7130127      -4.7958438439962135E-002
   64.1991425      -4.7958346913146106E-002
   64.6889648      -4.7958259199947409E-002
   65.1825256      -4.7958171486748712E-002
   65.6798553      -4.7958087587167353E-002
   66.1809921      -4.7957999873968656E-002
   66.6859512      -4.7957915974387290E-002
   67.1947479      -4.7957832074805931E-002
   67.7074280      -4.7957751988841904E-002
   68.2240372      -4.7957668089260545E-002
   68.7445831      -4.7957588003296518E-002
   69.2690887      -4.7957511730949823E-002
   69.7975998      -4.7957431644985796E-002
   70.3301392      -4.7957355372639107E-002
   70.8667603      -4.7957279100292412E-002
   71.4074707      -4.7957202827945716E-002
   71.9522858      -4.7957130369216359E-002
   72.5012665      -4.7957054096869671E-002
   73.0544357      -4.7956981638140314E-002
   73.6118393      -4.7956912993028289E-002
   74.1734924      -4.7956840534298932E-002
   74.7394257      -4.7956771889186907E-002
   75.3096695      -4.7956703244074889E-002
   75.8842850      -4.7956634598962863E-002
   76.4632797      -4.7956565953850838E-002
   77.0466766      -4.7956497308738813E-002
   77.6345215      -4.7956432477244126E-002
   78.2268524      -4.7956367645749440E-002
   78.8237305      -4.7956302814254753E-002
   79.4251556      -4.7956237982760060E-002
   80.0311432      -4.7956176964882712E-002
   80.6417618      -4.7956115947005357E-002
   81.2570648      -4.7956054929128002E-002
   81.8770523      -4.7955993911250647E-002
   82.5017548      -4.7955932893373292E-002
   83.1312256      -4.7955871875495937E-002
   83.7654877      -4.7955814671235920E-002
   84.4046173      -4.7955757466975904E-002
   85.0486298      -4.7955700262715881E-002
   85.6975327      -4.7955643058455864E-002
   86.3513870      -4.7955585854195841E-002
   87.0102234      -4.7955528649935825E-002
   87.6741104      -4.7955475259293140E-002
   88.3430634      -4.7955421868650455E-002
   89.0171051      -4.7955368478007770E-002
   89.6962814      -4.7955315087365086E-002
   90.3806610      -4.7955261696722401E-002
   91.0702667      -4.7955208306079716E-002
   91.7651138      -4.7955158729054370E-002
   92.4652557      -4.7955109152029017E-002
   93.1707458      -4.7955055761386332E-002
   93.8816376      -4.7955006184360979E-002
   94.5979538      -4.7954960420952965E-002
   95.3197174      -4.7954910843927619E-002
   96.0469818      -4.7954861266902266E-002
   96.7798004      -4.7954815503494251E-002
   97.5182266      -4.7954765926468905E-002
   98.2622910      -4.7954720163060884E-002
   99.0120087      -4.7954674399652869E-002
   99.7674408      -4.7954628636244855E-002
   100.528671      -4.7954582872836840E-002
   101.295700      -4.7954540923046157E-002
   102.068558      -4.7954495159638143E-002
   102.847321      -4.7954453209847467E-002
   103.632027      -4.7954407446439445E-002
   104.422737      -4.7954365496648770E-002
   105.219475      -4.7954323546858087E-002
   106.022278      -4.7954281597067404E-002
   106.831207      -4.7954239647276728E-002
   107.646324      -4.7954197697486045E-002
   108.467667      -4.7954159561312701E-002
   109.295242      -4.7954117611522018E-002
   110.129150      -4.7954079475348674E-002
   110.969406      -4.7954041339175323E-002
   111.816101      -4.7953999389384647E-002
   112.669258      -4.7953961253211295E-002
   113.528900      -4.7953923117037951E-002
   114.395096      -4.7953884980864607E-002
   115.267914      -4.7953846844691263E-002
   116.147400      -4.7953812522135250E-002
   117.033600      -4.7953774385961899E-002
   117.926544      -4.7953740063405893E-002
   118.826294      -4.7953701927232542E-002
   119.732941      -4.7953667604676536E-002
   120.646492      -4.7953633282120524E-002
   121.567001      -4.7953598959564511E-002
   122.494537      -4.7953564637008499E-002
   123.429138      -4.7953530314452486E-002
   124.370895      -4.7953495991896473E-002
   125.319839      -4.7953461669340461E-002
   126.276009      -4.7953427346784455E-002
   127.239471      -4.7953396837845774E-002
   128.210266      -4.7953362515289762E-002
   129.188507      -4.7953332006351088E-002
   130.174225      -4.7953297683795075E-002
   131.167419      -4.7953267174856401E-002
   132.168198      -4.7953236665917720E-002
   133.176636      -4.7953206156979046E-002
   134.192780      -4.7953175648040365E-002
   135.216644      -4.7953145139101691E-002
   136.248306      -4.7953114630163017E-002
   137.287842      -4.7953084121224336E-002
   138.335358      -4.7953053612285662E-002
   139.390839      -4.7953026916964320E-002
   140.454361      -4.7952996408025639E-002
   141.526001      -4.7952969712704296E-002
   142.605804      -4.7952939203765622E-002
   143.693893      -4.7952912508444280E-002
   144.790283      -4.7952885813122938E-002
   145.894989      -4.7952855304184264E-002
   147.008133      -4.7952828608862921E-002
   148.129807      -4.7952801913541579E-002
   149.260040      -4.7952775218220237E-002
   150.398865      -4.7952748522898894E-002
   151.546356      -4.7952721827577552E-002
   152.702637      -4.7952698945873541E-002
   153.867752      -4.7952672250552199E-002
   155.041748      -4.7952645555230856E-002
   156.224686      -4.7952622673526853E-002
   157.416656      -4.7952595978205510E-002
   158.617737      -4.7952569282884168E-002
   159.827988      -4.7952546401180157E-002
   161.047424      -4.7952523519476146E-002
   162.276184      -4.7952496824154804E-002
   163.514313      -4.7952473942450800E-002
   164.761932      -4.7952451060746790E-002
   166.019073      -4.7952428179042786E-002
   167.285751      -4.7952405297338775E-002
   168.562103      -4.7952378602017433E-002
   169.848190      -4.7952359533930761E-002
   171.144135      -4.7952336652226750E-002
   172.449951      -4.7952313770522746E-002
   173.765717      -4.7952290888818735E-002
   175.091492      -4.7952268007114732E-002
   176.427460      -4.7952248939028060E-002
   177.773590      -4.7952226057324049E-002
   179.129959      -4.7952203175620045E-002
   180.496674      -4.7952184107533366E-002
   181.873825      -4.7952161225829362E-002
   183.261520      -4.7952142157742690E-002
   184.659805      -4.7952119276038679E-002
   186.068726      -4.7952100207952007E-002
   187.488373      -4.7952081139865335E-002
   188.918869      -4.7952058258161324E-002
   190.360321      -4.7952039190074652E-002
   191.812775      -4.7952020121987980E-002
   193.276260      -4.7952001053901308E-002
   194.750916      -4.7951981985814636E-002
   196.236847      -4.7951962917727964E-002
   197.734131      -4.7951943849641285E-002
   199.242798      -4.7951924781554613E-002
