  0.100381494       2.8801776372062787E-005
  0.101147391      -1.0135918429963309E-005
  0.101919137      -1.0418395760583226E-005
  0.102696769      -1.0662749052556407E-005
  0.103480324      -1.0876200043785909E-005
  0.104269862      -1.1064259994077872E-005
  0.105065428      -1.1231202151026482E-005
  0.105867065      -1.3722492023473256E-005
  0.106674820      -1.5342830198588701E-005
  0.107488729      -1.6555036172311674E-005
  0.108308852      -1.7496051781172960E-005
  0.109135240      -1.8247712158938215E-005
  0.109967925      -1.8617333758687152E-005
  0.110806957      -1.9373198324861978E-005
  0.111652397      -1.9805429655128629E-005
  0.112504289      -2.0175607097095180E-005
  0.113362685      -2.0496194991398985E-005
  0.114227630      -2.0776524749814492E-005
  0.115099169      -2.1023721258949272E-005
  0.115977362      -2.4061501724789036E-005
  0.116862252      -2.6017630078859965E-005
  0.117753893      -2.7502729315874943E-005
  0.118652344      -2.8668633632870860E-005
  0.119557641      -2.1487947204135726E-005
  0.120469853      -3.0381560804292388E-005
  0.121389017      -3.1029147306476449E-005
  0.122315198      -3.1579353620875654E-005
  0.123248443      -3.2052580841246707E-005
  0.124188818      -3.2463934400945789E-005
  0.125136375      -3.2824783799878601E-005
  0.126091138      -3.6425731810010056E-005
  0.127053186      -3.8731890852214648E-005
  0.128022581      -4.0509282245916283E-005
  0.128999382      -4.1921020416428653E-005
  0.129983634      -4.2909843509115615E-005
  0.130975395      -4.4021746912485377E-005
  0.131974712      -4.4824329174865293E-005
  0.132981658      -4.5509878016141876E-005
  0.133996293      -4.6102234014339611E-005
  0.135018677      -4.6619177382940647E-005
  0.136048853      -5.0343545946566894E-005
  0.137086868      -5.3088571053871993E-005
  0.138132825      -5.5225710268293352E-005
  0.139186770      -5.6936683570101454E-005
  0.140248746      -6.0439533850676226E-005
  0.141318828      -5.9505092339315963E-005
  0.142397076      -6.0493514551858104E-005
  0.143483534      -6.1340948228088218E-005
  0.144578293      -6.2075556040365286E-005
  0.145681411      -6.2718419568070003E-005
  0.146792948      -6.8288652549126219E-005
  0.147912949      -7.0913885236684212E-005
  0.149041504      -7.3019408819515960E-005
  0.150178671      -7.6458091326993350E-005
  0.151324511      -7.6186422600950441E-005
  0.152479112      -7.7407254235268538E-005
  0.153642505      -7.8454838272208841E-005
  0.154814765      -7.9363589766893300E-005
  0.155995980      -8.0159407597921916E-005
  0.157186210      -8.6398126748544394E-005
  0.158385515      -8.9062120166743847E-005
  0.159593970      -8.5001702873312404E-005
  0.160811663      -9.3040218912117346E-005
  0.162038624      -9.4564459547474331E-005
  0.163274959      -9.5868384540214312E-005
  0.164520726      -9.6996481480190493E-005
  0.165775999      -9.7982067213052450E-005
  0.167040855      -1.0356799852583032E-004
  0.168315351      -1.0640638491324990E-004
  0.169599563      -1.0319822533274930E-004
  0.170893580      -1.1068483384309508E-004
  0.172197476      -1.1233700577576128E-004
  0.173511326      -1.1375606758858328E-004
  0.174835190      -1.1498802954221646E-004
  0.176169157      -1.1606761661592835E-004
  0.177513301      -1.2171805931335629E-004
  0.178867698      -1.2431867324378515E-004
  0.180232435      -1.2843609636755855E-004
  0.181607604      -1.2832709739305526E-004
  0.182993233      -1.2990418009523318E-004
  0.184389442      -1.3127203704922067E-004
  0.185796320      -1.3246967827247185E-004
  0.187213913      -1.3687755422050273E-004
  0.188642323      -1.3939582265294794E-004
  0.190081641      -1.4214720794271881E-004
  0.191531941      -1.4331762974101060E-004
  0.192993313      -1.4487427092454327E-004
  0.194465816      -1.4623063373521867E-004
  0.195949554      -1.4742301972295787E-004
  0.197444633      -1.5112639766320268E-004
  0.198951095      -1.5327427979175716E-004
  0.200469062      -1.5767773595197284E-004
  0.201998621      -1.5669054669853160E-004
  0.203539848      -1.5807123181715339E-004
  0.205092832      -1.5928602666811413E-004
  0.206657663      -1.6160826134100021E-004
  0.208234429      -1.6352031814469595E-004
  0.209823221      -1.6423244298145579E-004
  0.211424142      -1.6660434636741136E-004
  0.213037282      -1.6786595323931716E-004
  0.214662731      -1.6898332410886379E-004
  0.216300577      -1.6997983803659808E-004
  0.217950910      -1.7200800859518256E-004
  0.219613865      -1.7178501143495816E-004
  0.221289486      -1.7445488667444217E-004
  0.222977892      -1.7547787890417904E-004
  0.224679187      -1.7639489055109128E-004
  0.226393446      -1.7722156604704913E-004
  0.228120804      -1.7835932453538961E-004
  0.229861334      -1.7890143576585596E-004
  0.231615141      -1.7997882642062311E-004
  0.233382344      -1.8067554937484405E-004
  0.235163003      -1.8131026055002379E-004
  0.236957282      -1.8170347344098446E-004
  0.238765240      -1.8207864335668738E-004
  0.240586981      -1.8287018962449215E-004
  0.242422625      -1.8274182712837170E-004
  0.244272277      -1.8303632244148451E-004
  0.246136039      -1.8330960816306956E-004
  0.248014003      -1.8271334105690427E-004
  0.249906331      -1.8251660659927686E-004
  0.251813114      -1.8223275650681647E-004
  0.253734410      -1.8201306071249061E-004
  0.255670339      -1.8180555975954508E-004
  0.257621050      -1.8043681345800947E-004
  0.259586692      -1.8028636549777589E-004
  0.261567295      -1.7843875944139738E-004
  0.263563037      -1.7749777583557288E-004
  0.265573978      -1.7659259520604398E-004
  0.267600238      -1.7420873952803942E-004
  0.269641995      -1.7356206258584782E-004
  0.271699369      -1.7024955289302756E-004
  0.273772359      -1.6833455854743025E-004
  0.275861204      -1.6646074368830620E-004
  0.277966022      -1.6260309089837809E-004
  0.280086875      -1.5887086306266889E-004
  0.282223880      -1.5613797889689270E-004
  0.284377187      -1.5294309215480053E-004
  0.286546946      -1.4977303976924309E-004
  0.288733244      -1.4385630485594988E-004
  0.290936261      -1.3195428789333942E-004
  0.293156087      -1.3427345027469540E-004
  0.295392811      -1.2946737569944893E-004
  0.297646612      -1.2267684334510724E-004
  0.299917608      -1.1693334255422895E-004
  0.302205950      -1.0953177453443705E-004
  0.304511756      -1.0288571399430442E-004
  0.306835145      -9.6190193603026499E-005
  0.309176236      -9.6139413205521783E-005
  0.311535209      -7.8097859556355042E-005
  0.313912183      -6.9571583549744037E-005
  0.316307276      -6.0968284655475619E-005
  0.318720669      -5.0149802930692438E-005
  0.321152449      -2.5093719250967909E-005
  0.323602796      -2.9767031754723015E-005
  0.326071858      -1.9448577267051554E-005
  0.328559756      -7.6548198403579281E-006
  0.331066608       1.8272275331845584E-005
  0.333592594       1.5325001138366216E-005
  0.336137831       2.6933750693853672E-005
  0.338702530       3.9149271089048928E-005
  0.341286778       6.8483965398172836E-005
  0.343890786       6.3476925226963661E-005
  0.346514612       7.5753310344987398E-005
  0.349158466       7.6926986346807739E-005
  0.351822495       9.9446384688610186E-005
  0.354506850       1.1153832451512679E-004
  0.357211679       1.2371242119014713E-004
  0.359937161       1.3286330888728090E-004
  0.362683445       1.4454929524546103E-004
  0.365450680       1.5566328290557088E-004
  0.368239045       1.6424008328539243E-004
  0.371048629       1.8192279193635048E-004
  0.373879671       1.8244606516875086E-004
  0.376732290       1.9171003475413186E-004
  0.379606724       1.9407195319261466E-004
  0.382503092       2.0264743302607680E-004
  0.385421544       2.0917618727710836E-004
  0.388362259       2.1187330889147748E-004
  0.391325414       2.1858140142309556E-004
  0.394311130       2.1842033519213526E-004
  0.397319674       2.2178163772543967E-004
  0.400351167       2.1924668728898466E-004
  0.403405815       2.1926892097768913E-004
  0.406483769       2.1929958999313844E-004
  0.409585178       2.1608187666397635E-004
  0.412710249       2.1249842589310717E-004
  0.415859163       2.0966800994621406E-004
  0.419032067       2.0764272302967974E-004
  0.422229230       2.0002132446593349E-004
  0.425450802       1.9528994160977116E-004
  0.428696960       1.9436593645713916E-004
  0.431967854       1.8479260867462047E-004
  0.435263693       1.7943017983317391E-004
  0.438584685       1.7883717366801863E-004
  0.441931009       1.7038131107978652E-004
  0.445302904       1.6570998613305198E-004
  0.448700488       1.6516678343059469E-004
  0.452124029       1.6031993361776049E-004
  0.455573678       1.5747437181262263E-004
  0.459049642       1.5781488412387228E-004
  0.462552190       1.5750164513743346E-004
  0.466081381       1.5729024992022393E-004
  0.469637454       1.6048151189730915E-004
  0.473220736       1.6383487767749420E-004
  0.476831347       1.6671714528143869E-004
  0.480469525       1.7551841159243542E-004
  0.484135449       1.8022716998597059E-004
  0.487829328       1.8638189969314158E-004
  0.491551399       2.0394891231305929E-004
  0.495301843       2.0679363867050037E-004
  0.499080956       2.1404353250843922E-004
  0.502888858       2.3077781937407888E-004
  0.506725788       2.4308156540417199E-004
  0.510592103       2.6173371678249625E-004
  0.514487863       2.7296407422178903E-004
  0.518413305       2.7887419292832227E-004
  0.522368670       3.0535252188084241E-004
  0.526354313       3.2230871443471553E-004
  0.530370355       3.4170597735885941E-004
  0.534417033       3.5700208143939124E-004
  0.538494527       3.6480470477852318E-004
  0.542603135       3.9018320726312892E-004
  0.546743155       4.0742897676867418E-004
  0.550914764       4.2342267967601226E-004
  0.555118084       4.3321997481608060E-004
  0.559353590       4.3936493517518450E-004
  0.563621402       4.4926361593574526E-004
  0.567921758       4.5198006064684295E-004
  0.572254896       4.5253813970828796E-004
  0.576621175       4.5289323192934260E-004
  0.581020653       4.3836980916862390E-004
  0.585453749       4.3202205061860957E-004
  0.589920700       4.1426932606067671E-004
  0.594421744       3.9605503012523908E-004
  0.598957121       3.7940547382600776E-004
  0.603527069       3.4800215375107934E-004
  0.608131886       3.3418166590245597E-004
  0.612771809       2.9270260405510215E-004
  0.617447138       2.6345913187574016E-004
  0.622158229       2.2151331079018385E-004
  0.626905203       2.0709458849081891E-004
  0.631688416       1.7496568209124234E-004
  0.636508107       1.5917516814873737E-004
  0.641364634       1.3706538172768550E-004
  0.646258175       1.2342739877591868E-004
  0.651188970       1.1030971108976214E-004
  0.656157434       1.0094994125599059E-004
  0.661163807       9.5060378605286785E-005
  0.666208446       9.0302315322679104E-005
  0.671291471       8.9538709390346265E-005
  0.676413357       8.8360923524856308E-005
  0.681574345       9.0629703020111692E-005
  0.686774611       9.1498568624756626E-005
  0.692014635       9.5018774657483726E-005
  0.697294593       9.6590150712894186E-005
  0.702614903       1.0007298393615351E-004
  0.707975745       1.0055178305366353E-004
  0.713377476       1.0306774726746120E-004
  0.718820453       1.0414782617731716E-004
  0.724304914       1.0530351984121257E-004
  0.729831278       1.0513189597685836E-004
  0.735399842       1.0476436636509206E-004
  0.741010845       1.0213790745591461E-004
  0.746664584       1.0019813265363397E-004
  0.752361536       9.3415665064558722E-005
  0.758101940       9.0484584407685774E-005
  0.763886213       8.1037146465604365E-005
  0.769714594       7.1415052792527206E-005
  0.775587380       6.0235698087626227E-005
  0.781504989       4.4432386299153348E-005
  0.787467837       3.6881431472452420E-005
  0.793476105       1.7442834099762532E-005
  0.799530089       2.7232064053471864E-006
  0.805630445      -1.4011990651923822E-005
  0.811777353      -3.1416067389785611E-005
  0.817971051      -4.0244111820708363E-005
  0.824212074      -5.5992725366227541E-005
  0.830500722      -6.7322329275660032E-005
  0.836837351      -7.4498036705621660E-005
  0.843222201      -8.4632704490595335E-005
  0.849655867      -9.0677788425046169E-005
  0.856138647      -9.6477412436199686E-005
  0.862670898      -1.0074264916496925E-004
  0.869252980      -1.0291585074872112E-004
  0.875885308      -1.0592055186513156E-004
  0.882568181      -1.0899793019367991E-004
  0.889301896      -1.1132864735568080E-004
  0.896087229      -1.1473813635614108E-004
  0.902924299      -1.2020767767729176E-004
  0.909813464      -1.2482217870568284E-004
  0.916755259      -1.2988546337183290E-004
  0.923749983      -1.3937361591416918E-004
  0.930798054      -1.4903048846636526E-004
  0.937899828      -1.5736277217028906E-004
  0.945055962      -1.6943309141891094E-004
  0.952266574      -1.8195953816004567E-004
  0.959532261      -1.9141479831806220E-004
  0.966853380      -2.0095606916395789E-004
  0.974230289      -2.1259855834205438E-004
  0.981663585      -2.2204853631463325E-004
  0.989153445      -2.2888825228338180E-004
  0.996700525      -2.3507732967086047E-004
   1.00430524      -2.4112939363606824E-004
   1.01196790      -2.4530824911548021E-004
   1.01968908      -2.4796184659983998E-004
   1.02746928      -2.5000308787239014E-004
   1.03530884      -2.5157725998259221E-004
   1.04320788      -2.5231328940345009E-004
   1.05116749      -2.5254589421218739E-004
   1.05918777      -2.5255230829450453E-004
   1.06726921      -2.5236263471741112E-004
   1.07541227      -2.5195825108224683E-004
   1.08361769      -2.5137734543373191E-004
   1.09188545      -2.5077652379012290E-004
   1.10021639      -2.5009277722512767E-004
   1.10861087      -2.4931993420576035E-004
   1.11706948      -2.4844883175728210E-004
   1.12559247      -2.4737536231670467E-004
   1.13418067      -2.4610618251567646E-004
   1.14283431      -2.4479167293961691E-004
   1.15155399      -2.4328748978646393E-004
   1.16034019      -2.4156644058118384E-004
   1.16919339      -2.3960165624785137E-004
   1.17811406      -2.3737136124649900E-004
   1.18710291      -2.3486563800446825E-004
   1.19616044      -2.3209410764523484E-004
   1.20528698      -2.2894915911546919E-004
   1.21448326      -2.2566062138156123E-004
   1.22374964      -2.2253067048544893E-004
   1.23308659      -2.1953348839830945E-004
   1.24249482      -2.1681760963565148E-004
   1.25197482      -2.1452442698267262E-004
   1.26152730      -2.1276978469500450E-004
   1.27115250      -2.1162333485562500E-004
   1.28085136      -2.1109515673674677E-004
   1.29062414      -2.1112852074476633E-004
   1.30047131      -2.1160701667561219E-004
   1.31039357      -2.1237056197061219E-004
   1.32039177      -2.1324220341760447E-004
   1.33046627      -2.1405901524075525E-004
   1.34061754      -2.1469992489884656E-004
   1.35084629      -2.1510944249485717E-004
   1.36115301      -2.1530694502536708E-004
   1.37153840      -2.1538208141822534E-004
   1.38200295      -2.1547379201539057E-004
   1.39254749      -2.1573738923868561E-004
   1.40317249      -2.1630322987873290E-004
   1.41387844      -2.1723591290744108E-004
   1.42466617      -2.1852393070653523E-004
   1.43553627      -2.2014562901071346E-004
   1.44648921      -2.2170638005791576E-004
   1.45752561      -2.2310245358411361E-004
   1.46864629      -2.2418283568063373E-004
   1.47985196      -2.2486244543203364E-004
   1.49114299      -2.2512825254923627E-004
   1.50252032      -2.2502568113201300E-004
   1.51398432      -2.2462864135160260E-004
   1.52553582      -2.2393897927791567E-004
   1.53717542      -2.2312732836553690E-004
   1.54890394      -2.2219591198333676E-004
   1.56072176      -2.2111005905189906E-004
   1.57262993      -2.1981747324039837E-004
   1.58462882      -2.1815672449387736E-004
   1.59671926      -2.1594784120849555E-004
   1.60890210      -2.1343017914937862E-004
   1.62117779      -2.1036907183847310E-004
   1.63354707      -2.0671503921218935E-004
   1.64601088      -2.0171716201571898E-004
   1.65856969      -1.9661597227906851E-004
   1.67122436      -1.9109521262412047E-004
   1.68397570      -1.8508206435162696E-004
   1.69682407      -1.7811515820852599E-004
   1.70977068      -1.7224008788036866E-004
   1.72281599      -1.6675820349324629E-004
   1.73596072      -1.6126788377937907E-004
   1.74920583      -1.5734374552274318E-004
   1.76255202      -1.5465581383303857E-004
   1.77600014      -1.5310103219437937E-004
   1.78955078      -1.5318630175930172E-004
   1.80320477      -1.5453848733149324E-004
   1.81696296      -1.5765561006297118E-004
   1.83082604      -1.6117428668741468E-004
   1.84479523      -1.6561508196969102E-004
   1.85887063      -1.7037186513082784E-004
   1.87305355      -1.7448585213907420E-004
   1.88734472      -1.7891606957551236E-004
   1.90174496      -1.8194688516992840E-004
   1.91625500      -1.8482977262216407E-004
   1.93087554      -1.8684785043357300E-004
   1.94560790      -1.8854180148855933E-004
   1.96045268      -1.8973019888729459E-004
   1.97541070      -1.9048157629083997E-004
   1.99048281      -1.9069886006681548E-004
   2.00567007      -1.9030010896612295E-004
   2.02097321      -1.8939580420917939E-004
   2.03639269      -1.8789523234607054E-004
   2.05193019      -1.8626164912465755E-004
   2.06758595      -1.8411752651073854E-004
   2.08336163      -1.8217376311945393E-004
   2.09925723      -1.7986865512435176E-004
   2.11527443      -1.7752887604983344E-004
   2.13141346      -1.7503280088120412E-004
   2.14767599      -1.7191818449281649E-004
   2.16406250      -1.6879048391550038E-004
   2.18057370      -1.6507748485177981E-004
   2.19721127      -1.6064759081445011E-004
   2.21397591      -1.5595199745962055E-004
   2.23086810      -1.5047369741261660E-004
   2.24788952      -1.4410242505242691E-004
   2.26504064      -1.3801644460572271E-004
   2.28232265      -1.3209231193782417E-004
   2.29973602      -1.2653504860851223E-004
   2.31728268      -1.2213422006605255E-004
   2.33496332      -1.1904682310262432E-004
   2.35277891      -1.1736107830001437E-004
   2.37073040      -1.1729235598947328E-004
   2.38881874      -1.1889404397381750E-004
   2.40704513      -1.2141467052476168E-004
   2.42541027      -1.2413577757300589E-004
   2.44391584      -1.2644169406587918E-004
   2.46256256      -1.2800438550773202E-004
   2.48135161      -1.2881909523667801E-004
   2.50028419      -1.2909347243025401E-004
   2.51936102      -1.2907869039600626E-004
   2.53858328      -1.2895321154193594E-004
   2.55795217      -1.2875599198564587E-004
   2.57746911      -1.2841411870314826E-004
   2.59713483      -1.2779234349230567E-004
   2.61695051      -1.2675451532846962E-004
   2.63691759      -1.2522324749998575E-004
   2.65703702      -1.2320491366428263E-004
   2.67730975      -1.2076671346109920E-004
   2.69773698      -1.1798628962638402E-004
   2.71832037      -1.1491259670017548E-004
   2.73906088      -1.1155905574547335E-004
   2.75995970      -1.0787591046194961E-004
   2.78101778      -1.0384278670577327E-004
   2.80223656      -9.9479142323301433E-005
   2.82361746      -9.4688085594152600E-005
   2.84516120      -8.9473645532219288E-005
   2.86686945      -8.3955109246141666E-005
   2.88874292      -7.8365263456655539E-005
   2.91078377      -7.2758776088048180E-005
   2.93299270      -6.7635420037507501E-005
   2.95537114      -6.2824939149408679E-005
   2.97792029      -5.8281673512130439E-005
   3.00064135      -5.4043443977655371E-005
   3.02353573      -5.0718564268937732E-005
   3.04660463      -4.8375490566002300E-005
   3.06984997      -4.6643466003479918E-005
   3.09327269      -4.4962824843049854E-005
   3.11687374      -4.2867272732727984E-005
   3.14065504      -3.9977085219367696E-005
   3.16461802      -3.6580727570205905E-005
   3.18876362      -3.2884986565157021E-005
   3.21309304      -2.8864613492578614E-005
   3.23760843      -2.5014269185626919E-005
   3.26231122      -2.0854206226281265E-005
   3.28720236      -1.7002078171122144E-005
   3.31228304      -1.2831226819643752E-005
   3.33755541      -8.8369825422189875E-006
   3.36302090      -4.3415753409697062E-006
   3.38867974       1.6134890251988761E-007
   3.41453505       5.1348421930935518E-006
   3.44058752       1.0331889867819280E-005
   3.46683884       1.5702510644494171E-005
   3.49329019       2.1678902587070339E-005
   3.51994348       2.7729918873916417E-005
   3.54680037       3.4181052285814035E-005
   3.57386160       4.1239729663413047E-005
   3.60112977       4.8261563123836174E-005
   3.62860608       5.5220650419742726E-005
   3.65629196       6.1998405140560774E-005
   3.68418884       6.8786491789144972E-005
   3.71229863       7.5404713056027037E-005
   3.74062300       8.1932503847214738E-005
   3.76916313       8.8081668394728182E-005
   3.79792142       9.3627686867540807E-005
   3.82689905       9.8735465861025506E-005
   3.85609794       1.0386411757196671E-004
   3.88551950       1.0937283734760722E-004
   3.91516542       1.1528651344433323E-004
   3.94503760       1.2139934949199987E-004
   3.97513795       1.2753994396313997E-004
   4.00546789       1.3374004387023094E-004
   4.03602839       1.4016393596035450E-004
   4.06682301       1.4689291468439195E-004
   4.09785223       1.5383962185817895E-004
   4.12911844       1.6087719070647158E-004
   4.16062307       1.6797977625052120E-004
   4.19236803       1.7521469940473238E-004
   4.22435522       1.8266807865668710E-004
   4.25658607       1.9041308305466737E-004
   4.28906345       1.9817214183890140E-004
   4.32178879       2.0604546830811356E-004
   4.35476303       2.1412209154186168E-004
   4.38798952       2.2235961930701590E-004
   4.42146921       2.3057507508301983E-004
   4.45520449       2.3906961081463486E-004
   4.48919678       2.4769498843553494E-004
   4.52344847       2.5639410105315679E-004
   4.55796242       2.6548854213090693E-004
   4.59273911       2.7444295139470744E-004
   4.62778091       2.8389024784967890E-004
   4.66308975       2.9318395667807251E-004
   4.69866943       3.0292096483434461E-004
   4.73451996       3.1261986579567358E-004
   4.77064323       3.2255951044330192E-004
   4.80704212       3.3279433762714854E-004
   4.84371853       3.4303830083580824E-004
   4.88067627       3.5353101185870101E-004
   4.91791534       3.6430572690414347E-004
   4.95543814       3.7516204632461283E-004
   4.99324703       3.8633343732646876E-004
   5.03134441       3.9785356036691356E-004
   5.06973362       4.0976634382484213E-004
   5.10841560       4.2187365184649049E-004
   5.14739132       4.3421132783304288E-004
   5.18666458       4.4681451448761518E-004
   5.22623920       4.5965572288599098E-004
   5.26611519       4.7272870064540726E-004
   5.30629444       4.8606438628057044E-004
   5.34677982       4.9968142914006645E-004
   5.38757515       5.1354344682419720E-004
   5.42868233       5.2760559465659393E-004
   5.47010279       5.4196149667914658E-004
   5.51183844       5.5662974834058991E-004
   5.55389214       5.7166182399901551E-004
   5.59626770       5.8728539662675704E-004
   5.63896656       6.0380160469361295E-004
   5.68199205       6.2178944040337347E-004
   5.72534466       6.4135659565914510E-004
   5.76902771       6.6374373724056314E-004
   5.81304502       6.9040653843451612E-004
   5.85739851       7.2200829081239110E-004
   5.90208912       7.6146745572835104E-004
   5.94712067       8.0870884288968632E-004
   5.99249601       8.6682468677148851E-004
   6.03821850       9.3368782973806839E-004
   6.08429003       1.0109904576242790E-003
   6.13071156       1.0966942397495456E-003
   6.17748737       1.1904268359403643E-003
   6.22462177       1.2891260878387272E-003
   6.27211571       1.3755825274890101E-003
   6.31997013       1.4296437550488884E-003
   6.36818981       1.4542646681720743E-003
   6.41677809       1.4768514009032444E-003
   6.46573830       1.5089504872100312E-003
   6.51507187       1.5192069821341424E-003
   6.56478024       1.4655586274360248E-003
   6.61486769       1.3499134778554070E-003
   6.66533756       1.2120590023031556E-003
   6.71619415       1.0932118781499861E-003
   6.76743841       1.0204987148111891E-003
   6.81907225       9.9706510761474751E-004
   6.87110043       1.0023696075908968E-003
   6.92352676       1.0137502378159060E-003
   6.97635365       1.0187496646331042E-003
   7.02958155       1.0157839870091109E-003
   7.08321571       1.0102962275381855E-003
   7.13725853       1.0050934904814884E-003
   7.19171572       9.9521903770413418E-004
   7.24658823       9.7297165843740865E-004
   7.30187798       9.4095202051159242E-004
   7.35758972       9.0887147575368873E-004
   7.41372681       8.8611927047870626E-004
   7.47029305       8.7598140912753682E-004
   7.52729130       8.7742743434102404E-004
   7.58472300       8.8580805273669508E-004
   7.64259243       8.9725158408829374E-004
   7.70090532       9.0996510373869157E-004
   7.75966358       9.2333097329064143E-004
   7.81886816       9.3708427497448874E-004
   7.87852430       9.5125918129602418E-004
   7.93863535       9.6576503270518496E-004
   7.99920654       9.8055418173332914E-004
   8.06024075       9.9572731330288110E-004
   8.12173843       1.0112302041633274E-003
   8.18370533       1.0269970964959542E-003
   8.24614525       1.0431053904873789E-003
   8.30906296       1.0595880728466610E-003
   8.37246132       1.0762917445967027E-003
   8.43634224       1.0929857143734917E-003
   8.50070953       1.1100203312111587E-003
   8.56556892       1.1271804269028960E-003
   8.63092422       1.1445206558980282E-003
   8.69677544       1.1618674606750318E-003
   8.76313019       1.1794079815179840E-003
   8.82999039       1.1967945643853242E-003
   8.89736366       1.2141636837008092E-003
   8.96525002       1.2315926318513537E-003
   9.03365326       1.2490401215507812E-003
   9.10257816       1.2663955503040094E-003
   9.17203140       1.2836403765621551E-003
   9.24201393       1.3008309795697877E-003
   9.31252766       1.3179971120448823E-003
   9.38357925       1.3350862755321712E-003
   9.45517349       1.3521102201992600E-003
   9.52731705       1.3690470627064789E-003
   9.60001087       1.3859872470044848E-003
   9.67325592       1.4030254212323444E-003
   9.74706078       1.4201946798988207E-003
   9.82142830       1.4372533360702143E-003
   9.89636612       1.4544774647854205E-003
   9.97187519       1.4717706931101277E-003
   10.0479584       1.4894286078294394E-003
   10.1246223       1.5073427624423296E-003
   10.2018738       1.5256161056649811E-003
   10.2797127       1.5439621058873263E-003
   10.3581448       1.5625175609322304E-003
   10.4371748       1.5815583302391831E-003
   10.5168085       1.6009148448756650E-003
   10.5970516       1.6204527864119753E-003
   10.6779070       1.6401578174876405E-003
   10.7593765       1.6601155310666910E-003
   10.8414688       1.6805483179360235E-003
   10.9241867       1.7013489173913418E-003
   11.0075378       1.7222978492377264E-003
   11.0915251       1.7433833633075705E-003
   11.1761513       1.7643970827753435E-003
   11.2614222       1.7855930915405675E-003
   11.3473473       1.8069269761256848E-003
   11.4339275       1.8284502647886384E-003
   11.5211658       1.8499243967871109E-003
   11.6090689       1.8713741660527485E-003
   11.6976433       1.8924738018836608E-003
   11.7868958       1.9131512940783707E-003
   11.8768301       1.9343302704905507E-003
   11.9674473       1.9567523930755304E-003
   12.0587559       1.9777416420107656E-003
   12.1507645       1.9975226718769116E-003
   12.2434750       2.0173815331284858E-003
   12.3368893       2.0373945479550777E-003
   12.4310169       2.0574019571971236E-003
   12.5258627       2.0773494298044074E-003
   12.6214352       2.0972682276907437E-003
   12.7177362       2.1176141279996116E-003
   12.8147697       2.1379906434240772E-003
   12.9125443       2.1583335253412667E-003
   13.0110636       2.1786720952703433E-003
   13.1103373       2.1989410265914051E-003
   13.2103691       2.2190827542631518E-003
   13.3111620       2.2390703283598806E-003
   13.4127235       2.2590624300441275E-003
   13.5150614       2.2793039802406758E-003
   13.6181812       2.2993825372865759E-003
   13.7220850       2.3198474484673456E-003
   13.8267803       2.3402858409212238E-003
   13.9322758       2.3599689886572186E-003
   14.0385790       2.3794397709786786E-003
   14.1456928       2.3989926966736796E-003
   14.2536221       2.4185171632471387E-003
   14.3623734       2.4380526253902843E-003
   14.4719543       2.4575507888362578E-003
   14.5823755       2.4768572844106364E-003
   14.6936398       2.4958699179951555E-003
   14.8057489       2.5145257345633755E-003
   14.9187126       2.5329980760374132E-003
   15.0325422       2.5450365000489663E-003
   15.1472397       2.5721944791777750E-003
   15.2628098       2.5962042757857336E-003
   15.3792620       2.6245812539539125E-003
   15.4966021       2.6586349644720422E-003
   15.6148415       2.7002588013202693E-003
   15.7339821       2.7522881122818903E-003
   15.8540287       2.8191782590740238E-003
   15.9749928       2.9083562100214368E-003
   16.0968819       3.0331824446909379E-003
   16.2196999       3.2203486006969818E-003
   16.3434525       3.5320432485933667E-003
   16.4681492       4.1542258345128869E-003
   16.5937958       6.0059578167167074E-003
   16.7204075       4.7339861758652908E-002
   16.8479843       8.9457071112312908E-002
   16.9765301      -9.0499523560000378E-002
   17.1060562      -8.9875499539557466E-002
   17.2365723      -8.9563152919058489E-002
   17.3680859      -8.9375688373475065E-002
   17.5006046      -8.9250695911663833E-002
   17.6341305      -8.9161420509785080E-002
   17.7686749      -8.9094463958376016E-002
   17.9042492      -8.9042395839521379E-002
   18.0408592      -8.9000738584765288E-002
   18.1785069      -8.8966663529905995E-002
   18.3172035      -8.8938266500993096E-002
   18.4569607      -8.8914243552821390E-002
   18.5977879      -8.8893656396777640E-002
   18.7396889      -8.8875815114763848E-002
   18.8826675      -8.8860202268206540E-002
   19.0267372      -8.8846431502970835E-002
   19.1719074      -8.8834192355912653E-002
   19.3181877      -8.8823250254878666E-002
   19.4655876      -8.8813398224439496E-002
   19.6141052      -8.8804484482613577E-002
   19.7637558      -8.8796384844143289E-002
   19.9145527      -8.8788988922132925E-002
   20.0664997      -8.8782213926410752E-002
   20.2196026      -8.8775983965985988E-002
   20.3738747      -8.8770230049048826E-002
   20.5293217      -8.8764910780513392E-002
   20.6859608      -8.8759964067750857E-002
   20.8437939      -8.8755362314037328E-002
   21.0028267      -8.8751071023467881E-002
   21.1630745      -8.8747055700137634E-002
   21.3245430      -8.8743295646503642E-002
   21.4872494      -8.8739763265841973E-002
   21.6511974      -8.8736437860609710E-002
   21.8163910      -8.8733305632444873E-002
   21.9828453      -8.8730345883804532E-002
   22.1505737      -8.8727544816326734E-002
   22.3195801      -8.8724895530830489E-002
   22.4898758      -8.8722384228953829E-002
   22.6614685      -8.8719997112334817E-002
   22.8343697      -8.8717734180973437E-002
   23.0085945      -8.8715574737326761E-002
   23.1841507      -8.8713511882213797E-002
   23.3610382      -8.8711552514815536E-002
   23.5392780      -8.8709675937589022E-002
   23.7188835      -8.8707882150534267E-002
   23.8998585      -8.8706164254470296E-002
   24.0822086      -8.8704515350216118E-002
   24.2659492      -8.8702942336952723E-002
   24.4510937      -8.8701431416318144E-002
   24.6376553      -8.8699975689131405E-002
   24.8256416      -8.8698582054573483E-002
   25.0150547      -8.8697236714282424E-002
   25.2059135      -8.8695946567439204E-002
   25.3982277      -8.8694697815681858E-002
   25.5920181      -8.8693504257372338E-002
   25.7872849      -8.8692345194967742E-002
   25.9840336      -8.8691227527649005E-002
   26.1822853      -8.8690151255416155E-002
   26.3820572      -8.8689109479088202E-002
   26.5833511      -8.8688102198665159E-002
   26.7861748      -8.8687129414146998E-002
   26.9905491      -8.8686184226352771E-002
   27.1964817      -8.8685273534463427E-002
   27.4039917      -8.8684390439298016E-002
   27.6130829      -8.8683534940856512E-002
   27.8237629      -8.8682700139957965E-002
   28.0360527      -8.8681899834964301E-002
   28.2499599      -8.8681120227513580E-002
   28.4655075      -8.8680361317605802E-002
   28.6826973      -8.8679623105240968E-002
   28.9015388      -8.8678905590419063E-002
   29.1220512      -8.8678208773140102E-002
   29.3442535      -8.8677532653404084E-002
   29.5681496      -8.8676877231210996E-002
   29.7937489      -8.8676235607379875E-002
   30.0210686      -8.8675614681091697E-002
   30.2501221      -8.8675007553165472E-002
   30.4809284      -8.8674414223601214E-002
   30.7134972      -8.8673841591579886E-002
   30.9478340      -8.8673275858739534E-002
   31.1839600      -8.8672730823442139E-002
   31.4218941      -8.8672199586506684E-002
   31.6616402      -8.8671675248752219E-002
   31.9032116      -8.8671171608540697E-002
   32.1466255      -8.8670674867510152E-002
   32.3918991      -8.8670191924841560E-002
   32.6390457      -8.8669722780534935E-002
   32.8880844      -8.8669260535409286E-002
   33.1390152      -8.8668805189464628E-002
   33.3918533      -8.8668370541062899E-002
   33.6466293      -8.8667935892661170E-002
   33.9033508      -8.8667515042621395E-002
   34.1620331      -8.8667107990943586E-002
   34.4226837      -8.8666700939265777E-002
   34.6853180      -8.8666307685949936E-002
   34.9499664      -8.8665921331815056E-002
   35.2166367      -8.8665548776042158E-002
   35.4853287      -8.8665176220269246E-002
   35.7560768      -8.8664817462858286E-002
   36.0288849      -8.8664465604628317E-002
   36.3037872      -8.8664113746398349E-002
   36.5807800      -8.8663775686530347E-002
   36.8598862      -8.8663444525843307E-002
   37.1411171      -8.8663120264337258E-002
   37.4244957      -8.8662796002831210E-002
   37.7100449      -8.8662485539687114E-002
   37.9977722      -8.8662181975724008E-002
   38.2876854      -8.8661878411760889E-002
   38.5798111      -8.8661581746978760E-002
   38.8741760      -8.8661291981377607E-002
   39.1707840      -8.8661009114957431E-002
   39.4696503      -8.8660733147718246E-002
   39.7707901      -8.8660457180479046E-002
   40.0742340      -8.8660188112420837E-002
   40.3800011      -8.8659925943543605E-002
   40.6881027      -8.8659663774666372E-002
   40.9985428      -8.8659408504970116E-002
   41.3113480      -8.8659160134454851E-002
   41.6265564      -8.8658918663120548E-002
   41.9441643      -8.8658677191786259E-002
   42.2641907      -8.8658435720451970E-002
   42.5866547      -8.8658208047479634E-002
   42.9115829      -8.8657980374507298E-002
   43.2389984      -8.8657752701534961E-002
   43.5689087      -8.8657531927743616E-002
   43.9013290      -8.8657311153952256E-002
   44.2362862      -8.8657104178522864E-002
   44.5737991      -8.8656890303912494E-002
   44.9138947      -8.8656683328483088E-002
   45.2565880      -8.8656483252234686E-002
   45.6018829      -8.8656283175986270E-002
   45.9498177      -8.8656083099737854E-002
   46.3004150      -8.8655889922670414E-002
   46.6536865      -8.8655703644783965E-002
   47.0096436      -8.8655517366897502E-002
   47.3683167      -8.8655331089011052E-002
   47.7297249      -8.8655151710305580E-002
   48.0939026      -8.8654972331600107E-002
   48.4608612      -8.8654792952894620E-002
   48.8306046      -8.8654620473370124E-002
   49.2031708      -8.8654454893026619E-002
   49.5785751      -8.8654282413502122E-002
   49.9568634      -8.8654116833158603E-002
   50.3380356      -8.8653958151996073E-002
   50.7220993      -8.8653799470833530E-002
   51.1091003      -8.8653640789671001E-002
   51.4990616      -8.8653482108508458E-002
   51.8919983      -8.8653330326526905E-002
   52.2879181      -8.8653178544545352E-002
   52.6868668      -8.8653033661744776E-002
   53.0888557      -8.8652881879763223E-002
   53.4939232      -8.8652736996962647E-002
   53.9020805      -8.8652599013343047E-002
   54.3133392      -8.8652461029723448E-002
   54.7277374      -8.8652323046103848E-002
   55.1452980      -8.8652185062484262E-002
   55.5660553      -8.8652047078864663E-002
   55.9900246      -8.8651915994426039E-002
   56.4172134      -8.8651784909987430E-002
   56.8476639      -8.8651660724729797E-002
   57.2814102      -8.8651529640291174E-002
   57.7184677      -8.8651405455033541E-002
   58.1588440      -8.8651281269775908E-002
   58.6025848      -8.8651157084518262E-002
   59.0497093      -8.8651039798441605E-002
   59.5002556      -8.8650922512364949E-002
   59.9542427      -8.8650805226288293E-002
   60.4116821      -8.8650687940211637E-002
   60.8726082      -8.8650577553315957E-002
   61.3370667      -8.8650460267239301E-002
   61.8050690      -8.8650349880343635E-002
   62.2766266      -8.8650239493447955E-002
   62.7517815      -8.8650136005733252E-002
   63.2305603      -8.8650025618837572E-002
   63.7130127      -8.8649922131122882E-002
   64.1991425      -8.8649818643408179E-002
   64.6889648      -8.8649715155693490E-002
   65.1825256      -8.8649611667978787E-002
   65.6798553      -8.8649515079445074E-002
   66.1809921      -8.8649418490911347E-002
   66.6859512      -8.8649321902377634E-002
   67.1947479      -8.8649225313843921E-002
   67.7074280      -8.8649128725310208E-002
   68.2240372      -8.8649032136776482E-002
   68.7445831      -8.8648942447423745E-002
   69.2690887      -8.8648852758071009E-002
   69.7975998      -8.8648763068718273E-002
   70.3301392      -8.8648673379365536E-002
   70.8667603      -8.8648583690012800E-002
   71.4074707      -8.8648494000660064E-002
   71.9522858      -8.8648411210488304E-002
   72.5012665      -8.8648321521135567E-002
   73.0544357      -8.8648238730963808E-002
   73.6118393      -8.8648155940792048E-002
   74.1734924      -8.8648073150620288E-002
   74.7394257      -8.8647997259629518E-002
   75.3096695      -8.8647914469457759E-002
   75.8842850      -8.8647838578466975E-002
   76.4632797      -8.8647755788295216E-002
   77.0466766      -8.8647679897304446E-002
   77.6345215      -8.8647604006313663E-002
   78.2268524      -8.8647528115322879E-002
   78.8237305      -8.8647452224332110E-002
   79.4251556      -8.8647383232522303E-002
   80.0311432      -8.8647307341531534E-002
   80.6417618      -8.8647238349721727E-002
   81.2570648      -8.8647162458730958E-002
   81.8770523      -8.8647093466921151E-002
   82.5017548      -8.8647024475111358E-002
   83.1312256      -8.8646955483301565E-002
   83.7654877      -8.8646886491491758E-002
   84.4046173      -8.8646824398862942E-002
   85.0486298      -8.8646755407053149E-002
   85.6975327      -8.8646693314424332E-002
   86.3513870      -8.8646624322614526E-002
   87.0102234      -8.8646562229985709E-002
   87.6741104      -8.8646500137356893E-002
   88.3430634      -8.8646438044728076E-002
   89.0171051      -8.8646375952099260E-002
   89.6962814      -8.8646313859470444E-002
   90.3806610      -8.8646251766841627E-002
   91.0702667      -8.8646189674212797E-002
   91.7651138      -8.8646134480764957E-002
   92.4652557      -8.8646072388136141E-002
   93.1707458      -8.8646017194688301E-002
   93.8816376      -8.8645955102059484E-002
   94.5979538      -8.8645899908611644E-002
   95.3197174      -8.8645844715163805E-002
   96.0469818      -8.8645789521715979E-002
   96.7798004      -8.8645734328268139E-002
   97.5182266      -8.8645679134820299E-002
   98.2622910      -8.8645623941372459E-002
   99.0120087      -8.8645575647105596E-002
   99.7674408      -8.8645520453657756E-002
   100.528671      -8.8645465260209916E-002
   101.295700      -8.8645416965943066E-002
   102.068558      -8.8645361772495226E-002
   102.847321      -8.8645313478228363E-002
   103.632027      -8.8645265183961514E-002
   104.422737      -8.8645216889694650E-002
   105.219475      -8.8645168595427787E-002
   106.022278      -8.8645120301160937E-002
   106.831207      -8.8645072006894074E-002
   107.646324      -8.8645023712627211E-002
   108.467667      -8.8644975418360361E-002
   109.295242      -8.8644927124093498E-002
   110.129150      -8.8644885729007611E-002
   110.969406      -8.8644837434740761E-002
   111.816101      -8.8644789140473898E-002
   112.669258      -8.8644747745388025E-002
   113.528900      -8.8644706350302138E-002
   114.395096      -8.8644658056035289E-002
   115.267914      -8.8644616660949402E-002
   116.147400      -8.8644575265863529E-002
   117.033600      -8.8644533870777642E-002
   117.926544      -8.8644492475691769E-002
   118.826294      -8.8644451080605896E-002
   119.732941      -8.8644409685520009E-002
   120.646492      -8.8644368290434136E-002
   121.567001      -8.8644326895348249E-002
   122.494537      -8.8644285500262376E-002
   123.429138      -8.8644244105176490E-002
   124.370895      -8.8644209609271593E-002
   125.319839      -8.8644168214185720E-002
   126.276009      -8.8644133718280824E-002
   127.239471      -8.8644092323194937E-002
   128.210266      -8.8644057827290040E-002
   129.188507      -8.8644016432204167E-002
   130.174225      -8.8643981936299257E-002
   131.167419      -8.8643947440394361E-002
   132.168198      -8.8643906045308488E-002
   133.176636      -8.8643871549403591E-002
   134.192780      -8.8643837053498681E-002
   135.216644      -8.8643802557593784E-002
   136.248306      -8.8643768061688888E-002
   137.287842      -8.8643733565783991E-002
   138.335358      -8.8643699069879095E-002
   139.390839      -8.8643664573974185E-002
   140.454361      -8.8643630078069288E-002
   141.526001      -8.8643602481345368E-002
   142.605804      -8.8643567985440472E-002
   143.693893      -8.8643533489535575E-002
   144.790283      -8.8643505892811655E-002
   145.894989      -8.8643471396906759E-002
   147.008133      -8.8643436901001862E-002
   148.129807      -8.8643409304277943E-002
   149.260040      -8.8643374808373046E-002
   150.398865      -8.8643347211649126E-002
   151.546356      -8.8643312715744216E-002
   152.702637      -8.8643285119020296E-002
   153.867752      -8.8643257522296376E-002
   155.041748      -8.8643229925572470E-002
   156.224686      -8.8643195429667559E-002
   157.416656      -8.8643167832943640E-002
   158.617737      -8.8643140236219720E-002
   159.827988      -8.8643112639495800E-002
   161.047424      -8.8643085042771894E-002
   162.276184      -8.8643057446047974E-002
   163.514313      -8.8643029849324054E-002
   164.761932      -8.8643002252600134E-002
   166.019073      -8.8642974655876214E-002
   167.285751      -8.8642947059152294E-002
   168.562103      -8.8642919462428374E-002
   169.848190      -8.8642891865704454E-002
   171.144135      -8.8642864268980534E-002
   172.449951      -8.8642843571437591E-002
   173.765717      -8.8642815974713671E-002
   175.091492      -8.8642788377989751E-002
   176.427460      -8.8642767680446821E-002
   177.773590      -8.8642740083722901E-002
   179.129959      -8.8642712486998981E-002
   180.496674      -8.8642691789456038E-002
   181.873825      -8.8642664192732118E-002
   183.261520      -8.8642643495189175E-002
   184.659805      -8.8642615898465255E-002
   186.068726      -8.8642595200922325E-002
   187.488373      -8.8642574503379382E-002
   188.918869      -8.8642546906655462E-002
   190.360321      -8.8642526209112518E-002
   191.812775      -8.8642505511569589E-002
   193.276260      -8.8642477914845669E-002
   194.750916      -8.8642457217302725E-002
   196.236847      -8.8642436519759782E-002
   197.734131      -8.8642415822216852E-002
   199.242798      -8.8642395124673909E-002
